#########################################################################################
OPTIMIZATION RESULTS:
Timestamp: 2025-01-26T00:47:39.052
Objective value: 3421.359172083821
Solve time: 360.0270001888275 seconds
Relative gap: 0.30455877080879357

EFFICIENCY METRICS:
H2 production efficiencies by period: [0.6436491788406475, 0.75, 0.75, 0.78, 0.0, 0.0, 0.78, 0.75, 0.0, 0.75, 0.6, 0.75, 0.7200000054153705, 0.0, 0.78, 0.78, 0.78, 0.742403849109736, 0.78, 0.75, 0.0, 0.78, 0.78, 0.78]
H2 usage efficiencies by period: [0.6, 0.3, 0.0, 0.3, 0.6, 0.6, 0.3, 0.3, 0.3, 0.6, 0.0, 0.3, 0.0, 0.3, 0.6, 0.6, 0.6, 0.0, 0.5499999047893293, 0.6, 0.599845897007817, 0.6, 0.58, 0.0]

PERIOD-BY-PERIOD VALUES:

######################################################################################################################################################
Period |       E_toH2 |     E_fromH2 |    H_storage |       H_sell |        H_buy |     E_charge |  E_discharge
------------------------------------------------------------------------------------------------------------------------------------------------------
1      |        51.27 |         0.00 |        11.00 |         0.00 |         0.00 |         0.00 |        41.27
2      |         0.00 |       100.00 |         1.00 |        -0.00 |         0.00 |        20.00 |         0.00
3      |        10.00 |         0.00 |         0.00 |         3.50 |         0.00 |         0.00 |         0.00
4      |        20.00 |         0.00 |         0.00 |         5.20 |         0.00 |        50.00 |         0.00
5      |         0.00 |         0.00 |         0.00 |         0.00 |         0.00 |         0.00 |         0.00
6      |         0.00 |         0.00 |         0.00 |         0.00 |         0.00 |         0.00 |         0.00
7      |         0.00 |       100.00 |        21.00 |        69.00 |       100.00 |         0.00 |        10.00
8      |         0.00 |       100.00 |        11.00 |         0.00 |         0.00 |         0.00 |         0.00
9      |         0.00 |       100.00 |         1.00 |         0.00 |         0.00 |        20.00 |         0.00
10     |         0.00 |         0.00 |         0.00 |         1.00 |         0.00 |         0.00 |        30.00
11     |        69.00 |         0.00 |        13.80 |         0.00 |         0.00 |        12.27 |         0.00
12     |         0.00 |       100.00 |         3.80 |         0.00 |         0.00 |        30.00 |         0.00
13     |        30.00 |         0.00 |        11.00 |         0.00 |         0.00 |         0.00 |        80.00
14     |         0.00 |       100.00 |         1.00 |         0.00 |         0.00 |        20.00 |         0.00
15     |        20.00 |         0.00 |         0.00 |         6.20 |         0.00 |        55.27 |         0.00
16     |        20.00 |         0.00 |         0.00 |         5.20 |         0.00 |         0.00 |         0.00
17     |        20.00 |         0.00 |         0.00 |         5.20 |         0.00 |        53.73 |         0.00
18     |        26.27 |         0.00 |         6.50 |         0.00 |         0.00 |         0.00 |         0.00
19     |         0.00 |        30.00 |         1.00 |        -0.00 |         0.00 |         0.00 |         0.00
20     |         0.00 |         0.00 |         0.00 |         1.00 |         0.00 |         0.00 |        50.00
21     |         0.00 |         0.00 |         0.00 |         0.00 |         0.00 |         0.00 |        50.00
22     |        20.00 |         0.00 |         0.00 |         5.20 |         0.00 |         0.00 |         0.00
23     |        20.00 |         0.00 |         0.00 |         5.20 |         0.00 |         0.00 |         0.00
24     |        20.00 |         0.00 |         0.00 |         5.20 |         0.00 |         0.00 |         0.00
######################################################################################################################################################

SUMMARY STATISTICS:
Average H2 production efficiency: 0.592752209723573
Average H2 usage efficiency: 0.3845769084082144
Total E_toH2: 326.5361886770396
Total E_fromH2: 630.000002420287
Total H_storage: 82.09999921604359
Total H_sell: 111.89999984751094
Total H_buy: 100.0
#########################################################################################
