#########################################################################################
OPTIMIZATION RESULTS:
Timestamp: 2025-01-26T15:39:32.095
Objective value: 2341.777650975385
Solve time: 360.0329999923706 seconds
Relative gap: 0.20116292887906614

EFFICIENCY METRICS:
H2 production efficiencies by period: [0.75, 0.7500000192869791, 0.75, 0.78, 0.75, 0.75, 0.75, 0.75, 0.75, 0.75, 0.78, 0.78, 0.75, 0.55, 0.78, 0.78, 0.78, 0.78, 0.75, 0.65, 0.75, 0.75, 0.75, 0.78]
H2 usage efficiencies by period: [0.0, 0.3, 0.3, 0.0, 0.3, 0.3, 0.3, 0.3, 0.3, 0.45, 0.0, 0.6, 0.5, 0.43000000000000005, 0.43, 0.0, 0.0, 0.0, 0.4300000000000004, 0.3000000110146202, 0.3, 0.3, 0.6, 0.0]

PERIOD-BY-PERIOD VALUES:

########################################################################################################################################################################################################
Period |       E_toH2 |     E_fromH2 |    H_storage |       H_sell |        H_buy |     E_charge |  E_discharge |       E_sell |        E_buy |   Renewables |       DEMAND
--------------------------------------------------------------------------------------------------------------------------------------------------------------------------------------------------------
1      |        10.00 |         0.00 |       102.50 |         0.00 |       100.00 |         0.00 |         0.00 |         0.00 |       200.00 |         0.00 |       190.00
2      |        10.00 |         0.00 |       105.00 |         0.00 |         0.00 |         0.00 |         0.00 |         0.00 |       200.00 |         0.00 |       190.00
3      |         0.00 |       100.00 |        95.00 |         0.00 |         0.00 |         0.00 |         0.00 |         0.00 |        90.00 |         0.00 |       190.00
4      |        20.00 |         0.00 |       100.20 |         0.00 |         0.00 |         0.00 |         0.00 |         0.00 |       190.00 |        20.00 |       190.00
5      |         0.00 |       100.00 |        90.20 |         0.00 |         0.00 |         0.00 |        20.00 |         0.00 |         0.00 |        30.00 |       150.00
6      |         0.00 |       100.00 |        77.90 |         2.30 |         0.00 |         0.00 |        10.00 |         0.00 |         0.00 |        40.00 |       150.00
7      |         0.00 |       100.00 |        67.90 |         0.00 |         0.00 |         0.00 |        10.00 |         0.00 |        -0.00 |        40.00 |       150.00
8      |         0.00 |       100.00 |        57.90 |         0.00 |         0.00 |         0.00 |         0.00 |         0.00 |         0.00 |        50.00 |       150.00
9      |         0.00 |       100.00 |        47.90 |         0.00 |         0.00 |        20.00 |         0.00 |         0.00 |         0.00 |        70.00 |       150.00
10     |         0.00 |        70.00 |        37.40 |         0.00 |         0.00 |         0.00 |         0.00 |         0.00 |         0.00 |        80.00 |       150.00
11     |        20.00 |         0.00 |        42.60 |         0.00 |         0.00 |         0.00 |         0.00 |         0.00 |        80.00 |        90.00 |       150.00
12     |        20.00 |         0.00 |        47.80 |         0.00 |         0.00 |         0.00 |         0.00 |         0.00 |         0.00 |        80.00 |        60.00
13     |         0.00 |        50.00 |        39.47 |         0.00 |         0.00 |         0.00 |         0.00 |         0.00 |         0.00 |       100.00 |       150.00
14     |         0.00 |        80.00 |        28.00 |         0.00 |         0.00 |         0.00 |         0.00 |         0.00 |         0.00 |        70.00 |       150.00
15     |        20.00 |         0.00 |        33.20 |         0.00 |         0.00 |         0.00 |         0.00 |         0.00 |       100.00 |        70.00 |       150.00
16     |        20.00 |         0.00 |        32.07 |         6.33 |         0.00 |         0.00 |         0.00 |         0.00 |       110.00 |        60.00 |       150.00
17     |        20.00 |         0.00 |        37.27 |         0.00 |         0.00 |         0.00 |         0.00 |         0.00 |       120.00 |        50.00 |       150.00
18     |        20.00 |         0.00 |        42.47 |         0.00 |         0.00 |         0.00 |         0.00 |         0.00 |       140.00 |        30.00 |       150.00
19     |         0.00 |        80.00 |        31.00 |         0.00 |         0.00 |         0.00 |         0.00 |         0.00 |         0.00 |        30.00 |       110.00
20     |         0.00 |       100.00 |        21.00 |         0.00 |         0.00 |        10.00 |         0.00 |         0.00 |        -0.00 |        10.00 |       100.00
21     |         0.00 |       100.00 |        11.00 |         0.00 |         0.00 |        10.00 |         0.00 |         0.00 |         0.00 |        10.00 |       100.00
22     |         0.00 |       100.00 |         1.00 |         0.00 |         0.00 |         0.00 |         0.00 |         0.00 |         0.00 |         0.00 |       100.00
23     |         0.00 |         0.00 |         0.00 |         1.00 |         0.00 |         0.00 |         0.00 |         0.00 |        20.00 |         0.00 |        20.00
24     |        20.00 |         0.00 |         0.00 |         5.20 |         0.00 |         0.00 |         0.00 |         0.00 |        20.00 |         0.00 |         0.00
########################################################################################################################################################################################################

SUMMARY STATISTICS:
Average H2 production efficiency: 0.7475000008036243
Average H2 usage efficiency: 0.2683333337922758
Total E_toH2: 180.00000049453791
Total E_fromH2: 1179.9999994246555
Total H_storage: 1148.7666671417708
Total H_sell: 14.833333211638369
Total H_buy: 100.0
#########################################################################################
