#########################################################################################
OPTIMIZATION RESULTS:
Timestamp: 2025-01-26T15:53:35.290
Objective value: 2379.1686267985697
Solve time: 360.0739998817444 seconds
Relative gap: 0.17545451624265881

EFFICIENCY METRICS:
H2 production efficiencies by period: [0.75, 0.75, 0.75, 0.78, 0.75, 0.78, 0.75, 0.75, 0.78, 0.75, 0.78, 0.75, 0.75, 0.75, 0.78, 0.78, 0.78, 0.78, 0.75, 0.78, 0.75, 0.78, 0.78, 0.78]
H2 usage efficiencies by period: [0.6, 0.6, 0.0, 0.6, 0.3, 0.3, 0.3, 0.3, 0.42999979341437566, 0.45, 0.6, 0.45, 0.5, 0.4300000000000186, 0.3, 0.6, 0.6, 0.6, 0.42999999999999494, 0.3, 0.3, 0.6, 0.58, 0.0]

PERIOD-BY-PERIOD VALUES:

########################################################################################################################################################################################################
Period |       E_toH2 |     E_fromH2 |    H_storage |       H_sell |        H_buy |     E_charge |  E_discharge |       E_sell |        E_buy |   Renewables |       DEMAND
--------------------------------------------------------------------------------------------------------------------------------------------------------------------------------------------------------
1      |        10.00 |         0.00 |       102.50 |         0.00 |       100.00 |         0.00 |         0.00 |         0.00 |       200.00 |         0.00 |       190.00
2      |        10.00 |         0.00 |       105.00 |         0.00 |         0.00 |         0.00 |         0.00 |         0.00 |       200.00 |         0.00 |       190.00
3      |        10.00 |         0.00 |       107.50 |         0.00 |         0.00 |         0.00 |         0.00 |         0.00 |       200.00 |         0.00 |       190.00
4      |        20.00 |         0.00 |       103.93 |         8.77 |         0.00 |         0.00 |         0.00 |         0.00 |       190.00 |        20.00 |       190.00
5      |         0.00 |       100.00 |        93.93 |         0.00 |         0.00 |         0.00 |         0.00 |         0.00 |        20.00 |        30.00 |       150.00
6      |         0.00 |       100.00 |        83.93 |         0.00 |         0.00 |         0.00 |         0.00 |         0.00 |        10.00 |        40.00 |       150.00
7      |         0.00 |       100.00 |        73.93 |         0.00 |         0.00 |         0.00 |         0.00 |         0.00 |        10.00 |        40.00 |       150.00
8      |         0.00 |       100.00 |        63.93 |         0.00 |         0.00 |         0.00 |         0.00 |         0.00 |         0.00 |        50.00 |       150.00
9      |         0.00 |        80.00 |        52.47 |         0.00 |         0.00 |         0.00 |         0.00 |         0.00 |         0.00 |        70.00 |       150.00
10     |         0.00 |        70.00 |        41.97 |         0.00 |         0.00 |         0.00 |         0.00 |         0.00 |         0.00 |        80.00 |       150.00
11     |        20.00 |         0.00 |        47.17 |         0.00 |         0.00 |         0.00 |         0.00 |         0.00 |        80.00 |        90.00 |       150.00
12     |         0.00 |        70.00 |        36.67 |         0.00 |         0.00 |         0.00 |         0.00 |         0.00 |         0.00 |        80.00 |       150.00
13     |         0.00 |        50.00 |        28.33 |         0.00 |         0.00 |         0.00 |         0.00 |         0.00 |         0.00 |       100.00 |       150.00
14     |         0.00 |        80.00 |        16.87 |         0.00 |         0.00 |         0.00 |         0.00 |         0.00 |         0.00 |        70.00 |       150.00
15     |        20.00 |         0.00 |        22.07 |         0.00 |         0.00 |         0.00 |         0.00 |         0.00 |       100.00 |        70.00 |       150.00
16     |        20.00 |         0.00 |        27.27 |         0.00 |         0.00 |         0.00 |         0.00 |         0.00 |       110.00 |        60.00 |       150.00
17     |        20.00 |         0.00 |        32.47 |         0.00 |         0.00 |         0.00 |         0.00 |         0.00 |       120.00 |        50.00 |       150.00
18     |        20.00 |         0.00 |        32.47 |         5.20 |         0.00 |         0.00 |         0.00 |         0.00 |       140.00 |        30.00 |       150.00
19     |         0.00 |        80.00 |        21.00 |         0.00 |         0.00 |         0.00 |         0.00 |         0.00 |         0.00 |        30.00 |       110.00
20     |         0.00 |       100.00 |        11.00 |         0.00 |         0.00 |         0.00 |         0.00 |        10.00 |         0.00 |        10.00 |       100.00
21     |         0.00 |       100.00 |         1.00 |         0.00 |         0.00 |         0.00 |         0.00 |        10.00 |         0.00 |        10.00 |       100.00
22     |        20.00 |         0.00 |         6.20 |         0.00 |         0.00 |         0.00 |         0.00 |         0.00 |        40.00 |         0.00 |        20.00
23     |        20.00 |         0.00 |         0.00 |        11.40 |         0.00 |         0.00 |         0.00 |         0.00 |        20.00 |         0.00 |         0.00
24     |        20.00 |         0.00 |         0.00 |         5.20 |         0.00 |         0.00 |         0.00 |         0.00 |        20.00 |         0.00 |         0.00
########################################################################################################################################################################################################

SUMMARY STATISTICS:
Average H2 production efficiency: 0.7650000000000002
Average H2 usage efficiency: 0.4237499913922662
Total E_toH2: 210.0
Total E_fromH2: 1030.0
Total H_storage: 1111.6000165268622
Total H_sell: 30.566672175606737
Total H_buy: 100.0
#########################################################################################
