#########################################################################################
OPTIMIZATION RESULTS:
Timestamp: 2025-01-26T16:48:58.742
Objective value: 3416.403323425735
Solve time: 181.92500019073486 seconds
Relative gap: 8.949836414530176e-5

EFFICIENCY METRICS:
H2 production efficiencies by period: [0.95, 0.95, 0.95, 0.8800000000000024, 0.95, 0.9, 0.95, 0.95, 0.95, 0.95, 0.95, 0.95, 0.95, 0.95, 0.95, 0.95, 0.8812743677160175, 0.8027149438239058, 0.95, 0.95, 0.9, 0.8274414103247556, 0.8027343414469332, 0.8027167228003221]
H2 usage efficiencies by period: [0.0, 0.6, 0.0, 0.0, 0.0, 0.0, 0.0, 0.0, 0.6, 0.6, 0.0, 0.0, 0.0, 0.0, 0.0, 0.0, 0.0, 0.0, 0.0, 0.0, 0.0, 0.0, 0.0, 0.0]

PERIOD-BY-PERIOD VALUES:

########################################################################################################################################################################################################
Period |       E_toH2 |     E_fromH2 |    H_storage |       H_sell |        H_buy |     E_charge |  E_discharge |       E_sell |        E_buy |   Renewables |       DEMAND
--------------------------------------------------------------------------------------------------------------------------------------------------------------------------------------------------------
1      |        10.00 |         0.00 |         0.00 |         3.17 |         0.00 |         0.00 |         0.00 |         0.00 |       200.00 |         0.00 |       190.00
2      |        10.00 |         0.00 |         0.00 |         3.17 |         0.00 |         0.00 |         0.00 |         0.00 |       200.00 |         0.00 |       190.00
3      |        10.00 |         0.00 |         0.00 |         3.17 |         0.00 |         0.00 |         0.00 |         0.00 |       200.00 |         0.00 |       190.00
4      |        30.00 |         0.00 |         0.00 |         8.80 |         0.00 |         0.00 |         0.00 |         0.00 |       200.00 |        20.00 |       190.00
5      |         0.00 |         0.00 |         0.00 |         0.00 |         0.00 |         0.00 |         0.00 |         0.00 |       120.00 |        30.00 |       150.00
6      |         0.00 |         0.00 |         0.00 |         0.00 |         0.00 |         0.00 |         0.00 |         0.00 |       110.00 |        40.00 |       150.00
7      |         0.00 |         0.00 |         0.00 |         0.00 |         0.00 |         0.00 |         0.00 |         0.00 |       110.00 |        40.00 |       150.00
8      |         0.00 |         0.00 |         0.00 |         0.00 |         0.00 |         0.00 |         0.00 |         0.00 |       100.00 |        50.00 |       150.00
9      |         0.00 |         0.00 |         0.00 |         0.00 |         0.00 |         0.00 |         0.00 |        10.00 |         0.00 |        70.00 |        60.00
10     |         0.00 |         0.00 |         0.00 |         0.00 |         0.00 |         0.00 |         0.00 |        20.00 |         0.00 |        80.00 |        60.00
11     |         0.00 |         0.00 |         0.00 |         0.00 |         0.00 |         0.00 |         0.00 |       115.00 |        85.00 |        90.00 |        60.00
12     |         0.00 |         0.00 |         0.00 |         0.00 |         0.00 |         0.00 |         0.00 |         0.00 |        70.00 |        80.00 |       150.00
13     |         0.00 |         0.00 |         0.00 |         0.00 |         0.00 |         0.00 |         0.00 |         0.00 |        50.00 |       100.00 |       150.00
14     |         0.00 |         0.00 |         0.00 |         0.00 |         0.00 |         0.00 |         0.00 |         0.00 |        80.00 |        70.00 |       150.00
15     |         0.00 |         0.00 |         0.00 |         0.00 |         0.00 |         0.00 |         0.00 |        60.00 |       140.00 |        70.00 |       150.00
16     |        10.00 |         0.00 |         0.00 |         3.17 |         0.00 |         0.00 |         0.00 |        50.00 |       150.00 |        60.00 |       150.00
17     |        29.36 |         0.00 |         0.00 |         8.63 |         0.00 |         0.00 |         0.00 |        35.32 |       164.68 |        50.00 |       150.00
18     |        58.64 |         0.00 |         0.00 |        15.69 |         0.00 |         0.00 |         0.00 |         0.00 |       178.64 |        30.00 |       150.00
19     |         0.00 |         0.00 |         0.00 |         0.00 |         0.00 |         0.00 |         0.00 |         0.00 |       120.00 |        30.00 |       150.00
20     |         0.00 |         0.00 |         0.00 |         0.00 |         0.00 |         0.00 |         0.00 |         0.00 |       140.00 |        10.00 |       150.00
21     |         0.00 |         0.00 |         0.00 |         0.00 |         0.00 |         0.00 |         0.00 |         0.00 |       140.00 |        10.00 |       150.00
22     |        47.52 |         0.00 |         0.00 |        13.11 |         0.00 |         0.00 |         0.00 |         0.00 |       197.52 |         0.00 |       150.00
23     |        58.63 |         0.00 |         0.00 |        15.69 |         0.00 |         0.00 |         0.00 |         0.00 |        88.63 |         0.00 |        30.00
24     |        58.64 |         0.00 |         0.00 |        15.69 |         0.00 |         0.00 |         0.00 |         0.00 |        58.64 |         0.00 |         0.00
########################################################################################################################################################################################################

SUMMARY STATISTICS:
Average H2 production efficiency: 0.9165367410879973
Average H2 usage efficiency: 0.075
Total E_toH2: 322.7995554875315
Total E_fromH2: 0.0
Total H_storage: 0.0
Total H_sell: 90.26965222105123
Total H_buy: 0.0
#########################################################################################
