#########################################################################################
OPTIMIZATION RESULTS:
Timestamp: 2025-01-23T23:52:26.757
Objective value: 19924.82141656759
Solve time: 2.197999954223633 seconds
Relative gap: 0.0

EFFICIENCY METRICS:
H2 production efficiencies by period: [0.0, 0.0, 0.0, 0.0, 0.0, 0.0, 0.0, 0.0, 0.0, 0.0, 0.0, 0.0, 0.0, 0.0, 0.0, 0.0, 0.0, 0.0, 0.0, 0.0, 0.0, 0.0, 0.0, 0.0]
H2 usage efficiencies by period: [0.0, 0.0, 0.0, 0.0, 0.0, 0.0, 0.0, 0.0, 0.0, 0.0, 0.0, 0.0, 0.0, 0.0, 0.0, 0.0, 0.0, 0.0, 0.0, 0.0, 0.0, 0.0, 0.0, 0.05024414062500022]

PERIOD-BY-PERIOD VALUES:

Period	E_toH2	E_fromH2	H_storage	H_sell	H_buy
1	0.0	0.0	0.0	0.0	0.0
2	0.0	0.0	0.0	0.0	0.0
3	0.0	0.0	0.0	0.0	0.0
4	0.0	0.0	0.0	0.0	0.0
5	0.0	0.0	0.0	0.0	0.0
6	0.0	0.0	0.0	0.0	0.0
7	0.0	0.0	0.0	0.0	0.0
8	0.0	0.0	0.0	0.0	0.0
9	0.0	0.0	0.0	0.0	0.0
10	0.0	0.0	0.0	0.0	0.0
11	0.0	0.0	0.0	0.0	0.0
12	0.0	0.0	0.0	0.0	0.0
13	0.0	0.0	0.0	0.0	0.0
14	0.0	0.0	0.0	0.0	0.0
15	0.0	0.0	0.0	0.0	0.0
16	0.0	0.0	0.0	0.0	0.0
17	0.0	0.0	0.0	0.0	0.0
18	0.0	0.0	0.0	0.0	0.0
19	0.0	0.0	0.0	0.0	0.0
20	0.0	0.0	0.0	0.0	0.0
21	0.0	0.0	0.0	0.0	0.0
22	0.0	0.0	0.0	0.0	0.0
23	0.0	0.0	0.0	0.0	0.0
24	0.0	0.7177734375000031	50.0	0.0	50.01202074686686

SUMMARY STATISTICS:
Average H2 production efficiency: 0.0
Average H2 usage efficiency: 0.002093505859375009
Total E_toH2: 0.0
Total E_fromH2: 0.7177734375000031
Total H_storage: 50.0
Total H_sell: 0.0
Total H_buy: 50.01202074686686
#########################################################################################
