#########################################################################################
OPTIMIZATION RESULTS:
Timestamp: 2025-01-27T00:53:52.941
Objective value: 2586.9118513120216
Solve time: 360.08000016212463 seconds
Relative gap: 0.16896896740570236

EFFICIENCY METRICS:
H2 production efficiencies by period: [1.0, 1.0, 1.0, 0.9299999999999998, 0.0, 0.0, 1.0, 0.0, 1.0, 0.0, 0.750000053349404, 1.0, 1.0, 1.0, 0.83000030440755, 0.8300002926287143, 0.8299999999999997, 0.8300000000000298, 0.0, 0.0, 0.95, 0.8300000118649553, 0.8299999999999997, 0.83]
H2 usage efficiencies by period: [0.9, 0.0, 0.0, 0.0, 0.6, 0.6, 0.6, 0.6, 0.730000000000025, 0.75, 0.9, 0.75, 0.7999999239869428, 0.6, 0.0, 0.8800000000000379, 0.9, 0.0, 0.6, 0.6, 0.6, 0.82, 0.9, 0.0]

PERIOD-BY-PERIOD VALUES:

########################################################################################################################################################################################################
Period |       E_toH2 |     E_fromH2 |    H_storage |       H_sell |        H_buy |     E_charge |  E_discharge |       E_sell |        E_buy |   Renewables |       DEMAND
--------------------------------------------------------------------------------------------------------------------------------------------------------------------------------------------------------
1      |        10.00 |         0.00 |       105.03 |         0.00 |       101.70 |         0.00 |         0.00 |         0.00 |       200.00 |         0.00 |       190.00
2      |        10.00 |         0.00 |       108.37 |         0.00 |         0.00 |         0.00 |         0.00 |         0.00 |       200.00 |         0.00 |       190.00
3      |        10.00 |         0.00 |       111.70 |         0.00 |         0.00 |         0.00 |         0.00 |         0.00 |       200.00 |         0.00 |       190.00
4      |        30.00 |         0.00 |       121.00 |         0.00 |         0.00 |         0.00 |         0.00 |         0.00 |       200.00 |        20.00 |       190.00
5      |         0.00 |       100.00 |       101.00 |         0.00 |         0.00 |         0.00 |         0.00 |         0.00 |        20.00 |        30.00 |       150.00
6      |         0.00 |       100.00 |        81.00 |         0.00 |         0.00 |         0.00 |         0.00 |         0.00 |        10.00 |        40.00 |       150.00
7      |         0.00 |       100.00 |        61.00 |         0.00 |         0.00 |         0.00 |         0.00 |         0.00 |        10.00 |        40.00 |       150.00
8      |         0.00 |       100.00 |        41.00 |         0.00 |         0.00 |         0.00 |         0.00 |         0.00 |         0.00 |        50.00 |       150.00
9      |        10.00 |         0.00 |        44.33 |         0.00 |         0.00 |         0.00 |         0.00 |         0.00 |         0.00 |        70.00 |        60.00
10     |         0.00 |        70.00 |        26.83 |         0.00 |         0.00 |         0.00 |         0.00 |        -0.00 |         0.00 |        80.00 |       150.00
11     |       100.00 |         0.00 |        51.83 |         0.00 |         0.00 |         0.00 |         0.00 |         0.00 |       160.00 |        90.00 |       150.00
12     |         0.00 |        70.00 |        34.33 |         0.00 |         0.00 |         0.00 |         0.00 |         0.00 |         0.00 |        80.00 |       150.00
13     |         0.00 |        50.00 |        21.00 |         0.00 |         0.00 |         0.00 |         0.00 |         0.00 |         0.00 |       100.00 |       150.00
14     |         0.00 |       100.00 |         1.00 |         0.00 |         0.00 |         0.00 |         0.00 |        20.00 |         0.00 |        70.00 |       150.00
15     |        70.00 |         0.00 |        20.37 |         0.00 |         0.00 |         0.00 |         0.00 |         0.00 |       150.00 |        70.00 |       150.00
16     |        70.00 |         0.00 |        22.27 |        17.47 |         0.00 |         0.00 |         0.00 |         0.00 |       160.00 |        60.00 |       150.00
17     |        70.00 |         0.00 |        41.63 |         0.00 |         0.00 |         0.00 |         0.00 |         0.00 |       170.00 |        50.00 |       150.00
18     |        70.00 |         0.00 |        61.00 |         0.00 |         0.00 |         0.00 |         0.00 |         0.00 |       190.00 |        30.00 |       150.00
19     |         0.00 |       100.00 |        41.00 |         0.00 |         0.00 |         0.00 |         0.00 |        20.00 |         0.00 |        30.00 |       110.00
20     |         0.00 |       100.00 |        21.00 |         0.00 |         0.00 |         0.00 |         0.00 |        10.00 |         0.00 |        10.00 |       100.00
21     |         0.00 |       100.00 |         1.00 |         0.00 |         0.00 |         0.00 |         0.00 |        10.00 |         0.00 |        10.00 |       100.00
22     |        70.00 |         0.00 |         0.00 |        20.37 |         0.00 |         0.00 |         0.00 |         0.00 |       170.00 |         0.00 |       100.00
23     |        70.00 |         0.00 |         0.00 |        19.37 |         0.00 |         0.00 |         0.00 |         0.00 |        90.00 |         0.00 |        20.00
24     |        70.00 |         0.00 |         0.00 |        19.37 |         0.00 |         0.00 |         0.00 |         0.00 |        70.00 |         0.00 |         0.00
########################################################################################################################################################################################################

SUMMARY STATISTICS:
Average H2 production efficiency: 0.6850000275937771
Average H2 usage efficiency: 0.5470833301661252
Total E_toH2: 660.0000041243593
Total E_fromH2: 989.999999811149
Total H_storage: 1117.700011646382
Total H_sell: 76.56668734957894
Total H_buy: 101.69999993257986
#########################################################################################
