#########################################################################################
OPTIMIZATION RESULTS:
Timestamp: 2025-01-26T21:16:25.752
Objective value: 2432.5018315018297
Solve time: 360.0859999656677 seconds
Relative gap: 0.26112521945569134

EFFICIENCY METRICS:
H2 production efficiencies by period: [0.48, 0.55, 0.4, 0.42, 0.58, 0.65, 0.45, 0.52, 0.65, 0.65, 0.45, 0.65, 0.65, 0.55, 0.65, 0.65, 0.0, 0.65, 0.0, 0.65, 0.65, 0.65, 0.65, 0.65]
H2 usage efficiencies by period: [0.18000000000000005, 0.13, 0.18, 0.18, 0.12999999999999998, 0.15, 0.15, 0.18, 0.13, 0.15, 0.18, 0.15, 0.2, 0.13, 0.18, 0.18, 0.18, 0.18, 0.13, 0.1, 0.1, 0.18000000000000838, 0.28, 0.0]

PERIOD-BY-PERIOD VALUES:

########################################################################################################################################################################################################
Period |       E_toH2 |     E_fromH2 |    H_storage |       H_sell |        H_buy |     E_charge |  E_discharge |       E_sell |        E_buy |   Renewables |       DEMAND
--------------------------------------------------------------------------------------------------------------------------------------------------------------------------------------------------------
1      |         0.00 |        60.00 |        96.40 |         0.00 |       100.00 |         0.00 |         0.00 |         0.00 |       130.00 |         0.00 |       190.00
2      |         0.00 |        80.00 |        92.93 |         0.00 |         0.00 |         0.00 |         0.00 |         0.00 |       200.00 |         0.00 |       280.00
3      |         0.00 |        60.00 |        89.33 |         0.00 |         0.00 |         0.00 |         0.00 |         0.00 |       130.00 |         0.00 |       190.00
4      |         0.00 |        60.00 |        85.73 |         0.00 |         0.00 |         0.00 |         0.00 |         0.00 |        70.00 |        20.00 |       150.00
5      |         0.00 |        80.00 |        82.27 |         0.00 |         0.00 |         0.00 |         0.00 |         0.00 |        40.00 |        30.00 |       150.00
6      |         0.00 |        70.00 |        78.77 |         0.00 |         0.00 |         0.00 |         0.00 |         0.00 |         0.00 |        40.00 |       110.00
7      |         0.00 |        70.00 |        75.27 |         0.00 |         0.00 |         0.00 |         0.00 |         0.00 |         0.00 |        40.00 |       110.00
8      |         0.00 |        60.00 |        71.67 |         0.00 |         0.00 |         0.00 |         0.00 |         0.00 |         0.00 |        50.00 |       110.00
9      |         0.00 |        80.00 |        68.20 |         0.00 |         0.00 |         0.00 |         0.00 |         0.00 |         0.00 |        70.00 |       150.00
10     |         0.00 |        70.00 |        64.70 |         0.00 |         0.00 |         0.00 |         0.00 |         0.00 |         0.00 |        80.00 |       150.00
11     |         0.00 |        60.00 |        61.10 |         0.00 |         0.00 |         0.00 |         0.00 |         0.00 |         0.00 |        90.00 |       150.00
12     |         0.00 |        70.00 |        57.60 |         0.00 |         0.00 |         0.00 |         0.00 |         0.00 |         0.00 |        80.00 |       150.00
13     |         0.00 |        50.00 |        54.27 |         0.00 |         0.00 |         0.00 |         0.00 |         0.00 |         0.00 |       100.00 |       150.00
14     |         0.00 |        80.00 |        50.80 |         0.00 |         0.00 |         0.00 |         0.00 |         0.00 |         0.00 |        70.00 |       150.00
15     |         0.00 |        60.00 |        47.20 |         0.00 |         0.00 |         0.00 |         0.00 |         0.00 |        20.00 |        70.00 |       150.00
16     |         0.00 |        60.00 |        43.60 |         0.00 |         0.00 |         0.00 |         0.00 |         0.00 |        30.00 |        60.00 |       150.00
17     |         0.00 |        60.00 |        40.00 |         0.00 |         0.00 |         0.00 |         0.00 |         0.00 |        40.00 |        50.00 |       150.00
18     |         0.00 |        60.00 |        36.40 |         0.00 |         0.00 |         0.00 |         0.00 |         0.00 |        60.00 |        30.00 |       150.00
19     |         0.00 |        80.00 |        32.93 |         0.00 |         0.00 |         0.00 |         0.00 |         0.00 |         0.00 |        30.00 |       110.00
20     |         0.00 |        90.00 |        29.93 |         0.00 |         0.00 |         0.00 |         0.00 |         0.00 |         0.00 |        10.00 |       100.00
21     |         0.00 |        90.00 |        26.93 |         0.00 |         0.00 |         0.00 |         0.00 |         0.00 |         0.00 |        10.00 |       100.00
22     |         0.00 |        60.00 |        23.33 |         0.00 |         0.00 |         0.00 |         0.00 |         0.00 |        40.00 |         0.00 |       100.00
23     |         0.00 |        20.00 |         1.00 |        20.47 |         0.00 |         0.00 |         0.00 |         0.00 |         0.00 |         0.00 |        20.00
24     |         0.00 |         0.00 |        -0.00 |         1.00 |         0.00 |         0.00 |         0.00 |         0.00 |         0.00 |         0.00 |         0.00
########################################################################################################################################################################################################

SUMMARY STATISTICS:
Average H2 production efficiency: 0.5354166666666668
Average H2 usage efficiency: 0.155416666666667
Total E_toH2: 0.0
Total E_fromH2: 1530.0
Total H_storage: 1310.3666666666668
Total H_sell: 21.466666666666665
Total H_buy: 100.0
#########################################################################################
