#########################################################################################
OPTIMIZATION RESULTS:
Timestamp: 2025-01-27T00:43:28.145
Objective value: 2449.6682649650456
Solve time: 360.05599999427795 seconds
Relative gap: 0.26951618051674375

EFFICIENCY METRICS:
H2 production efficiencies by period: [0.0, 0.6, 0.65, 0.65, 0.65, 0.65, 0.65, 0.65, 0.65, 0.65, 0.0, 0.0, 0.65, 0.65, 0.6, 0.65, 0.0, 0.65, 0.65, 0.65, 0.6, 0.65, 0.0, 0.65]
H2 usage efficiencies by period: [0.18000000000000596, 0.18000000000000507, 0.18000000000000552, 0.18000000000000307, 0.13, 0.13000000000000578, 0.15, 0.17999999723416912, 0.12999999451649763, 0.15, 0.17999980168762084, 0.15, 0.2, 0.12999999999999703, 0.18000000000000507, 0.18, 0.18000000000001165, 0.17999999999999364, 0.13, 0.1, 0.1, 0.18000000000000513, 0.28000000000000597, 0.0]

PERIOD-BY-PERIOD VALUES:

########################################################################################################################################################################################################
Period |       E_toH2 |     E_fromH2 |    H_storage |       H_sell |        H_buy |     E_charge |  E_discharge |       E_sell |        E_buy |   Renewables |       DEMAND
--------------------------------------------------------------------------------------------------------------------------------------------------------------------------------------------------------
1      |         0.00 |        60.00 |        96.40 |         0.00 |       100.00 |         0.00 |         0.00 |         0.00 |       130.00 |         0.00 |       190.00
2      |         0.00 |        60.00 |        72.43 |        20.37 |         0.00 |         0.00 |         0.00 |         0.00 |       130.00 |         0.00 |       190.00
3      |         0.00 |        60.00 |        68.83 |         0.00 |         0.00 |         0.00 |         0.00 |         0.00 |       130.00 |         0.00 |       190.00
4      |         0.00 |        60.00 |        65.23 |         0.00 |         0.00 |         0.00 |         0.00 |         0.00 |       110.00 |        20.00 |       190.00
5      |         0.00 |        80.00 |        61.77 |         0.00 |         0.00 |         0.00 |         0.00 |         0.00 |        40.00 |        30.00 |       150.00
6      |         0.00 |        80.00 |        58.30 |         0.00 |         0.00 |         0.00 |         0.00 |         0.00 |        30.00 |        40.00 |       150.00
7      |         0.00 |        70.00 |        54.80 |         0.00 |         0.00 |         0.00 |         0.00 |         0.00 |         0.00 |        40.00 |       110.00
8      |         0.00 |        60.00 |        51.20 |         0.00 |         0.00 |         0.00 |         0.00 |         0.00 |         0.00 |        50.00 |       110.00
9      |         0.00 |        80.00 |        47.73 |         0.00 |         0.00 |         0.00 |         0.00 |         0.00 |         0.00 |        70.00 |       150.00
10     |         0.00 |        70.00 |        44.23 |         0.00 |         0.00 |         0.00 |         0.00 |         0.00 |         0.00 |        80.00 |       150.00
11     |         0.00 |        60.00 |        40.63 |         0.00 |         0.00 |         0.00 |         0.00 |         0.00 |         0.00 |        90.00 |       150.00
12     |         0.00 |        70.00 |        37.13 |         0.00 |         0.00 |         0.00 |         0.00 |         0.00 |         0.00 |        80.00 |       150.00
13     |         0.00 |        50.00 |        33.80 |         0.00 |         0.00 |         0.00 |         0.00 |         0.00 |         0.00 |       100.00 |       150.00
14     |         0.00 |        80.00 |        30.33 |         0.00 |         0.00 |         0.00 |         0.00 |         0.00 |         0.00 |        70.00 |       150.00
15     |         0.00 |        60.00 |        26.73 |         0.00 |         0.00 |         0.00 |         0.00 |         0.00 |        20.00 |        70.00 |       150.00
16     |         0.00 |        60.00 |        23.13 |         0.00 |         0.00 |         0.00 |         0.00 |         0.00 |        30.00 |        60.00 |       150.00
17     |         0.00 |        60.00 |        19.53 |         0.00 |         0.00 |         0.00 |         0.00 |         0.00 |        40.00 |        50.00 |       150.00
18     |         0.00 |        60.00 |        15.93 |         0.00 |         0.00 |         0.00 |         0.00 |         0.00 |        60.00 |        30.00 |       150.00
19     |         0.00 |        80.00 |        12.47 |         0.00 |         0.00 |         0.00 |         0.00 |         0.00 |         0.00 |        30.00 |       110.00
20     |         0.00 |        90.00 |         9.47 |         0.00 |         0.00 |         0.00 |         0.00 |         0.00 |         0.00 |        10.00 |       100.00
21     |         0.00 |        90.00 |         6.47 |         0.00 |         0.00 |         0.00 |         0.00 |         0.00 |         0.00 |        10.00 |       100.00
22     |         0.00 |        60.00 |         2.87 |         0.00 |         0.00 |         0.00 |         0.00 |         0.00 |        40.00 |         0.00 |       100.00
23     |         0.00 |        20.00 |         1.00 |         0.00 |         0.00 |         0.00 |         0.00 |         0.00 |         0.00 |         0.00 |        20.00
24     |         0.00 |         0.00 |         0.00 |         1.00 |         0.00 |         0.00 |         0.00 |         0.00 |         0.00 |         0.00 |         0.00
########################################################################################################################################################################################################

SUMMARY STATISTICS:
Average H2 production efficiency: 0.5083333333333334
Average H2 usage efficiency: 0.1566666580599305
Total E_toH2: 0.0
Total E_fromH2: 1520.0
Total H_storage: 880.4332958014736
Total H_sell: 21.3666710202088
Total H_buy: 100.0
#########################################################################################
