#########################################################################################
OPTIMIZATION RESULTS:
Timestamp: 2025-01-27T14:17:35.467
Objective value: 3877.911667690677
Solve time: 360.06900000572205 seconds
Relative gap: 0.2644756919836183

EFFICIENCY METRICS:
H2 production efficiencies by period: [0.0, 0.95, 0.0, 0.0, 0.0, 0.0, 0.0, 0.0, 0.0, 0.0, 0.0, 0.9, 0.0, 0.0, 0.95, 0.95, 0.88, 0.8473126951971611, 0.0, 0.0, 0.95, 0.0, 0.0, 0.0]
H2 usage efficiencies by period: [0.6, 0.6, 0.6, 0.6, 0.3, 0.4, 0.4, 0.4, 0.43, 0.45, 0.18011334833031903, 0.0, 0.5100277953874116, 0.5550273437500247, 0.11238573773916298, 0.10268554687499933, 0.6, 0.58, 0.55, 0.2747323537046575, 0.2550558963730777, 0.0, 0.58, 0.0]

PERIOD-BY-PERIOD VALUES:

########################################################################################################################################################################################################
Period |       E_toH2 |     E_fromH2 |    H_storage |       H_sell |        H_buy |     E_charge |  E_discharge |       E_sell |        E_buy |   Renewables |       DEMAND
--------------------------------------------------------------------------------------------------------------------------------------------------------------------------------------------------------
1      |         0.00 |         0.00 |         0.00 |         0.00 |         0.00 |         0.00 |         0.00 |         0.00 |       190.00 |         0.00 |       190.00
2      |         0.00 |         0.00 |         0.00 |         0.00 |         0.00 |         0.00 |         0.00 |         0.00 |       190.00 |         0.00 |       190.00
3      |         0.00 |         0.00 |         0.00 |         0.00 |         0.00 |         0.00 |         0.00 |         0.00 |       190.00 |         0.00 |       190.00
4      |         0.00 |         0.00 |         0.00 |         0.00 |         0.00 |         0.00 |         0.00 |         0.00 |       170.00 |        20.00 |       190.00
5      |         0.00 |       100.00 |        90.00 |         0.00 |       100.00 |         0.00 |         0.00 |         0.00 |        20.00 |        30.00 |       150.00
6      |         0.00 |        90.00 |        28.46 |        54.79 |         0.00 |         0.00 |         0.00 |         0.00 |        20.00 |        40.00 |       150.00
7      |         0.00 |        90.00 |        21.71 |         0.00 |         0.00 |         0.00 |         0.00 |         0.00 |        20.00 |        40.00 |       150.00
8      |         0.00 |        90.00 |        14.96 |         0.00 |         0.00 |         0.00 |         0.00 |         0.00 |        10.00 |        50.00 |       150.00
9      |         0.00 |        80.00 |         9.38 |         0.00 |         0.00 |         0.00 |         0.00 |         0.00 |         0.00 |        70.00 |       150.00
10     |         0.00 |        70.00 |         4.72 |         0.00 |         0.00 |         0.00 |         0.00 |         0.00 |         0.00 |        80.00 |       150.00
11     |         0.00 |         3.00 |         4.67 |         0.00 |         0.00 |         0.00 |         0.00 |         0.00 |        57.00 |        90.00 |       150.00
12     |        20.00 |         0.00 |         5.21 |         0.00 |         0.00 |         0.00 |         0.00 |         0.00 |         0.00 |        80.00 |        60.00
13     |         0.00 |        44.99 |         2.56 |         0.00 |         0.00 |         0.00 |         0.00 |         0.00 |         5.01 |       100.00 |       150.00
14     |         0.00 |        28.32 |         1.03 |         0.00 |         0.00 |         0.00 |         0.00 |         0.00 |        51.68 |        70.00 |       150.00
15     |         0.00 |         1.87 |         1.01 |         0.00 |         0.00 |         0.00 |         0.00 |         0.00 |        78.13 |        70.00 |       150.00
16     |         0.00 |         1.71 |         1.00 |         0.00 |         0.00 |         0.00 |         0.00 |         0.00 |        88.29 |        60.00 |       150.00
17     |        30.00 |         0.00 |         1.79 |         0.00 |         0.00 |         0.00 |         0.00 |         0.00 |       130.00 |        50.00 |       150.00
18     |        40.90 |         0.00 |         2.83 |         0.00 |         0.00 |         0.00 |         0.00 |         0.00 |       160.90 |        30.00 |       150.00
19     |         0.00 |        30.00 |         1.20 |         0.00 |         0.00 |         0.00 |         0.00 |         0.00 |         0.00 |        30.00 |        60.00
20     |         0.00 |         4.58 |         1.09 |         0.00 |         0.00 |         0.00 |         0.00 |         0.00 |        45.42 |        10.00 |        60.00
21     |         0.00 |         4.25 |         1.00 |         0.00 |         0.00 |         0.00 |         0.00 |         0.00 |       135.75 |        10.00 |       150.00
22     |         0.00 |         0.00 |         0.00 |         1.00 |         0.00 |         0.00 |         0.00 |         0.00 |       150.00 |         0.00 |       150.00
23     |         0.00 |         0.00 |         0.00 |         0.00 |         0.00 |         0.00 |         0.00 |         0.00 |        30.00 |         0.00 |        30.00
24     |         0.00 |         0.00 |         0.00 |         0.00 |         0.00 |         0.00 |         0.00 |         0.00 |         0.00 |         0.00 |         0.00
########################################################################################################################################################################################################

SUMMARY STATISTICS:
Average H2 production efficiency: 0.2678046956332151
Average H2 usage efficiency: 0.37833450092331883
Total E_toH2: 90.89576826761605
Total E_fromH2: 638.7265357733286
Total H_storage: 192.64186177625905
Total H_sell: 55.78601559727843
Total H_buy: 100.0
#########################################################################################
