#########################################################################################
OPTIMIZATION RESULTS:
Timestamp: 2025-01-27T04:25:23.921
Objective value: 3197.4381448319073
Solve time: 360.03399991989136 seconds
Relative gap: 0.20022822524045286

EFFICIENCY METRICS:
H2 production efficiencies by period: [0.95, 0.95, 0.95, 0.8799999999999991, 0.95, 0.75, 0.0, 0.9, 0.82, 0.95, 0.8028170206852219, 0.95, 0.8660839802458742, 0.95, 0.8027338949105143, 0.8025386721009633, 0.8027117621282744, 0.75, 0.95, 0.95, 0.95, 0.8272674264968775, 0.8027427059337274, 0.8027167228003221]
H2 usage efficiencies by period: [0.6, 0.0, 0.0, 0.0, 0.3, 0.6, 0.3, 0.3, 0.0, 0.3, 0.0, 0.3, 0.6, 0.3, 0.6, 0.6, 0.6, 0.0, 0.3, 0.3, 0.0, 0.0, 0.6, 0.0]

PERIOD-BY-PERIOD VALUES:

########################################################################################################################################################################################################
Period |       E_toH2 |     E_fromH2 |    H_storage |       H_sell |        H_buy |     E_charge |  E_discharge |       E_sell |        E_buy |   Renewables |       DEMAND
--------------------------------------------------------------------------------------------------------------------------------------------------------------------------------------------------------
1      |        10.00 |         0.00 |         0.00 |         3.17 |         0.00 |         0.00 |         0.00 |         0.00 |       200.00 |         0.00 |       190.00
2      |        10.00 |         0.00 |         0.00 |         3.17 |         0.00 |         0.00 |         0.00 |         0.00 |       200.00 |         0.00 |       190.00
3      |        10.00 |         0.00 |         2.20 |         0.97 |         0.00 |         0.00 |         0.00 |         0.00 |       200.00 |         0.00 |       190.00
4      |        30.00 |         0.00 |        11.00 |         0.00 |         0.00 |         0.00 |         0.00 |         0.00 |       200.00 |        20.00 |       190.00
5      |         0.00 |       100.00 |         1.00 |         0.00 |         0.00 |         0.00 |         0.00 |         0.00 |        20.00 |        30.00 |       150.00
6      |        80.00 |         0.00 |        21.00 |         0.00 |         0.00 |         0.00 |         0.00 |         0.00 |       190.00 |        40.00 |       150.00
7      |         0.00 |       100.00 |        11.00 |         0.00 |         0.00 |         0.00 |         0.00 |         0.00 |        10.00 |        40.00 |       150.00
8      |         0.00 |       100.00 |         1.00 |         0.00 |         0.00 |         0.00 |         0.00 |         0.00 |         0.00 |        50.00 |       150.00
9      |        50.00 |         0.00 |        11.00 |         3.67 |         0.00 |         0.00 |         0.00 |         0.00 |         0.00 |        70.00 |        20.00
10     |         0.00 |       100.00 |         1.00 |         0.00 |         0.00 |         0.00 |         0.00 |        30.00 |         0.00 |        80.00 |       150.00
11     |        58.59 |         0.00 |        11.00 |         5.68 |         0.00 |         0.00 |         0.00 |         0.00 |       118.59 |        90.00 |       150.00
12     |         0.00 |       100.00 |         1.00 |         0.00 |         0.00 |         0.00 |         0.00 |        30.00 |         0.00 |        80.00 |       150.00
13     |        34.64 |         0.00 |        11.00 |         0.00 |         0.00 |         0.00 |         0.00 |         0.00 |        84.64 |       100.00 |       150.00
14     |         0.00 |       100.00 |         1.00 |         0.00 |         0.00 |         0.00 |         0.00 |        20.00 |         0.00 |        70.00 |       150.00
15     |        58.63 |         0.00 |         0.00 |        16.69 |         0.00 |         0.00 |         0.00 |         0.00 |       138.63 |        70.00 |       150.00
16     |        58.73 |         0.00 |         0.00 |        15.71 |         0.00 |         0.00 |         0.00 |         0.00 |       148.73 |        60.00 |       150.00
17     |        58.64 |         0.00 |         1.00 |        14.69 |         0.00 |         0.00 |         0.00 |         0.00 |       158.64 |        50.00 |       150.00
18     |        80.00 |         0.00 |        21.00 |         0.00 |         0.00 |         0.00 |         0.00 |         0.00 |       200.00 |        30.00 |       150.00
19     |         0.00 |       100.00 |        11.00 |         0.00 |         0.00 |         0.00 |         0.00 |         0.00 |        20.00 |        30.00 |       150.00
20     |         0.00 |       100.00 |         1.00 |         0.00 |         0.00 |         0.00 |         0.00 |         0.00 |         0.00 |        10.00 |       110.00
21     |         0.00 |         0.00 |         0.00 |         1.00 |         0.00 |         0.00 |         0.00 |         0.00 |        50.00 |        10.00 |        60.00
22     |        47.58 |         0.00 |         0.00 |        13.12 |         0.00 |         0.00 |         0.00 |         0.00 |       197.58 |         0.00 |       150.00
23     |        58.63 |         0.00 |         0.00 |        15.69 |         0.00 |         0.00 |         0.00 |         0.00 |        88.63 |         0.00 |        30.00
24     |        58.64 |         0.00 |        -0.00 |        15.69 |         0.00 |         0.00 |         0.00 |         0.00 |        58.64 |         0.00 |         0.00
########################################################################################################################################################################################################

SUMMARY STATISTICS:
Average H2 production efficiency: 0.8379005077209073
Average H2 usage efficiency: 0.27499999999999997
Total E_toH2: 704.0860170231302
Total E_fromH2: 800.0
Total H_storage: 117.2
Total H_sell: 109.2362633653761
Total H_buy: 0.0
#########################################################################################
