#########################################################################################
OPTIMIZATION RESULTS:
Timestamp: 2025-01-27T02:01:59.574
Objective value: 3257.5318827181827
Solve time: 360.012521982193 seconds
Relative gap: 0.14455439626150982

EFFICIENCY METRICS:
H2 production efficiencies by period: [0.95, 0.95, 0.9499997651681161, 0.8800000000000391, 0.95, 0.75, 0.0, 0.95, 0.95, 0.9, 0.8027440100730437, 0.95, 0.95, 0.95, 0.8027369560090581, 0.8028124999999887, 0.8027438985098516, 0.7500008070892761, 0.95, 0.95, 0.95, 0.8274101418919834, 0.8027350092799485, 0.8027380952104588]
H2 usage efficiencies by period: [0.6, 0.0, 0.58, 0.0, 0.3, 0.0, 0.3, 0.3, 0.0, 0.0, 0.0, 0.3, 0.0, 0.6, 0.6, 0.6, 0.6, 0.6, 0.3, 0.3, 0.6, 0.6, 0.6, 0.0]

PERIOD-BY-PERIOD VALUES:

########################################################################################################################################################################################################
Period |       E_toH2 |     E_fromH2 |    H_storage |       H_sell |        H_buy |     E_charge |  E_discharge |       E_sell |        E_buy |   Renewables |       DEMAND
--------------------------------------------------------------------------------------------------------------------------------------------------------------------------------------------------------
1      |        10.00 |         0.00 |         0.00 |         3.17 |         0.00 |         0.00 |         0.00 |         0.00 |       200.00 |         0.00 |       190.00
2      |        10.00 |         0.00 |         0.00 |         3.17 |         0.00 |         0.00 |         0.00 |         0.00 |       200.00 |         0.00 |       190.00
3      |        10.00 |         0.00 |         2.20 |         0.97 |         0.00 |         0.00 |         0.00 |         0.00 |       200.00 |         0.00 |       190.00
4      |        30.00 |         0.00 |        11.00 |         0.00 |         0.00 |         0.00 |         0.00 |         0.00 |       200.00 |        20.00 |       190.00
5      |         0.00 |       100.00 |         1.00 |         0.00 |         0.00 |         0.00 |         0.00 |         0.00 |        20.00 |        30.00 |       150.00
6      |        80.00 |         0.00 |        21.00 |         0.00 |         0.00 |         0.00 |         0.00 |         0.00 |       190.00 |        40.00 |       150.00
7      |         0.00 |       100.00 |        11.00 |         0.00 |         0.00 |         0.00 |         0.00 |         0.00 |        10.00 |        40.00 |       150.00
8      |         0.00 |       100.00 |         1.00 |         0.00 |         0.00 |         0.00 |         0.00 |         0.00 |         0.00 |        50.00 |       150.00
9      |        10.00 |         0.00 |         0.00 |         4.17 |         0.00 |         0.00 |         0.00 |         0.00 |         0.00 |        70.00 |        60.00
10     |        20.00 |         0.00 |         0.00 |         6.00 |         0.00 |         0.00 |         0.00 |         0.00 |         0.00 |        80.00 |        60.00
11     |        58.63 |         0.00 |        11.00 |         4.69 |         0.00 |         0.00 |         0.00 |         0.00 |       118.63 |        90.00 |       150.00
12     |         0.00 |       100.00 |         1.00 |         0.00 |         0.00 |         0.00 |         0.00 |        30.00 |         0.00 |        80.00 |       150.00
13     |         0.00 |         0.00 |         0.00 |         1.00 |         0.00 |         0.00 |         0.00 |         0.00 |        50.00 |       100.00 |       150.00
14     |         0.00 |         0.00 |         0.00 |         0.00 |         0.00 |         0.00 |         0.00 |         0.00 |        80.00 |        70.00 |       150.00
15     |        58.63 |         0.00 |         0.00 |        15.69 |         0.00 |         0.00 |         0.00 |         0.00 |       138.63 |        70.00 |       150.00
16     |        58.59 |         0.00 |         0.00 |        15.68 |         0.00 |         0.00 |         0.00 |         0.00 |       148.59 |        60.00 |       150.00
17     |        58.63 |         0.00 |         1.00 |        14.69 |         0.00 |         0.00 |         0.00 |         0.00 |       158.63 |        50.00 |       150.00
18     |        80.00 |         0.00 |        21.00 |         0.00 |         0.00 |         0.00 |         0.00 |         0.00 |       200.00 |        30.00 |       150.00
19     |         0.00 |       100.00 |        11.00 |         0.00 |         0.00 |         0.00 |         0.00 |         0.00 |        20.00 |        30.00 |       150.00
20     |         0.00 |       100.00 |         1.00 |         0.00 |         0.00 |         0.00 |         0.00 |         0.00 |        40.00 |        10.00 |       150.00
21     |         0.00 |         0.00 |         0.00 |         1.00 |         0.00 |         0.00 |         0.00 |         0.00 |        50.00 |        10.00 |        60.00
22     |        47.53 |         0.00 |         0.00 |        13.11 |         0.00 |         0.00 |         0.00 |         0.00 |       197.53 |         0.00 |       150.00
23     |        58.63 |         0.00 |         0.00 |        15.69 |         0.00 |         0.00 |         0.00 |         0.00 |        88.63 |         0.00 |        30.00
24     |        58.63 |         0.00 |         0.00 |        15.69 |         0.00 |         0.00 |         0.00 |         0.00 |        58.63 |         0.00 |         0.00
########################################################################################################################################################################################################

SUMMARY STATISTICS:
Average H2 production efficiency: 0.8468300493013236
Average H2 usage efficiency: 0.3241666666666666
Total E_toH2: 649.2747181476817
Total E_fromH2: 600.0
Total H_storage: 93.19997847761931
Total H_sell: 114.69685068370917
Total H_buy: 0.0
#########################################################################################
