#########################################################################################
OPTIMIZATION RESULTS:
Timestamp: 2025-01-27T04:52:51.682
Objective value: 3265.6654734336526
Solve time: 360.09100008010864 seconds
Relative gap: 0.21788819657717234

EFFICIENCY METRICS:
H2 production efficiencies by period: [0.95, 0.95, 0.0, 0.8800000005895459, 0.85, 0.75, 0.75, 0.85, 0.95, 0.9, 0.7619999921290148, 0.7, 0.0, 0.95, 0.8260000153946815, 0.8020000465824705, 0.8019999980797368, 0.75, 0.0, 0.95, 0.0, 0.8260283364321486, 0.8019999933786408, 0.8027167228003221]
H2 usage efficiencies by period: [0.43, 0.45, 0.0, 0.58, 0.3, 0.4, 0.3, 0.3, 0.4, 0.0, 0.45, 0.3, 0.5, 0.0, 0.0, 0.52, 0.0, 0.0, 0.3, 0.3, 0.0, 0.6, 0.58, 0.0]

PERIOD-BY-PERIOD VALUES:

########################################################################################################################################################################################################
Period |       E_toH2 |     E_fromH2 |    H_storage |       H_sell |        H_buy |     E_charge |  E_discharge |       E_sell |        E_buy |   Renewables |       DEMAND
--------------------------------------------------------------------------------------------------------------------------------------------------------------------------------------------------------
1      |        10.00 |         0.00 |         0.00 |         3.17 |         0.00 |         0.00 |         0.00 |         0.00 |       200.00 |         0.00 |       190.00
2      |        10.00 |         0.00 |         2.20 |         0.97 |         0.00 |         0.00 |         0.00 |         0.00 |       200.00 |         0.00 |       190.00
3      |         0.00 |         0.00 |         2.20 |         0.00 |         0.00 |         0.00 |         0.00 |         0.00 |       190.00 |         0.00 |       190.00
4      |        30.00 |         0.00 |        11.00 |         0.00 |         0.00 |         0.00 |         0.00 |         0.00 |       200.00 |        20.00 |       190.00
5      |         0.00 |       100.00 |         1.00 |         0.00 |         0.00 |         0.00 |         0.00 |         0.00 |        20.00 |        30.00 |       150.00
6      |        80.00 |         0.00 |        21.00 |         0.00 |         0.00 |         0.00 |         0.00 |         0.00 |       190.00 |        40.00 |       150.00
7      |         0.00 |       100.00 |        11.00 |         0.00 |         0.00 |         0.00 |         0.00 |         0.00 |        10.00 |        40.00 |       150.00
8      |         0.00 |       100.00 |         1.00 |         0.00 |         0.00 |         0.00 |         0.00 |         0.00 |         0.00 |        50.00 |       150.00
9      |        10.00 |         0.00 |         0.00 |         4.17 |         0.00 |         0.00 |         0.00 |         0.00 |         0.00 |        70.00 |        60.00
10     |        20.00 |         0.00 |         0.03 |         5.97 |         0.00 |         0.00 |         0.00 |         0.00 |         0.00 |        80.00 |        60.00
11     |        76.00 |         0.00 |        19.33 |         0.00 |         0.00 |         0.00 |         0.00 |         0.00 |       136.00 |        90.00 |       150.00
12     |         0.00 |       100.00 |         9.33 |         0.00 |         0.00 |         0.00 |         0.00 |        30.00 |         0.00 |        80.00 |       150.00
13     |         0.00 |        50.00 |         1.00 |         0.00 |         0.00 |         0.00 |         0.00 |         0.00 |         0.00 |       100.00 |       150.00
14     |         0.00 |         0.00 |         0.00 |         1.00 |         0.00 |         0.00 |         0.00 |         0.00 |        80.00 |        70.00 |       150.00
15     |        48.00 |         0.00 |         0.00 |        13.22 |         0.00 |         0.00 |         0.00 |         0.00 |       128.00 |        70.00 |       150.00
16     |        59.00 |         0.00 |         0.00 |        15.77 |         0.00 |         0.00 |         0.00 |         0.00 |       149.00 |        60.00 |       150.00
17     |        59.00 |         0.00 |         1.00 |        14.77 |         0.00 |         0.00 |         0.00 |         0.00 |       159.00 |        50.00 |       150.00
18     |        80.00 |         0.00 |        21.00 |         0.00 |         0.00 |         0.00 |         0.00 |         0.00 |       200.00 |        30.00 |       150.00
19     |         0.00 |       100.00 |        11.00 |         0.00 |         0.00 |         0.00 |         0.00 |         0.00 |        20.00 |        30.00 |       150.00
20     |         0.00 |       100.00 |         1.00 |         0.00 |         0.00 |         0.00 |         0.00 |         0.00 |        40.00 |        10.00 |       150.00
21     |         0.00 |         0.00 |         0.00 |         1.00 |         0.00 |         0.00 |         0.00 |         0.00 |        50.00 |        10.00 |        60.00
22     |        47.99 |         0.00 |         0.00 |        13.21 |         0.00 |         0.00 |         0.00 |         0.00 |       197.99 |         0.00 |       150.00
23     |        59.00 |         0.00 |         0.00 |        15.77 |         0.00 |         0.00 |         0.00 |         0.00 |        89.00 |         0.00 |        30.00
24     |        58.64 |         0.00 |         0.00 |        15.69 |         0.00 |         0.00 |         0.00 |         0.00 |        58.64 |         0.00 |         0.00
########################################################################################################################################################################################################

SUMMARY STATISTICS:
Average H2 production efficiency: 0.7001143793911067
Average H2 usage efficiency: 0.2795833333333333
Total E_toH2: 647.6321712993605
Total E_fromH2: 650.0
Total H_storage: 113.09599905695961
Total H_sell: 104.70939227062048
Total H_buy: 0.0
#########################################################################################
