#########################################################################################
OPTIMIZATION RESULTS:
Timestamp: 2025-01-27T02:00:02.885
Objective value: 3337.882031068462
Solve time: 360.0350000858307 seconds
Relative gap: 0.23859788106618668

EFFICIENCY METRICS:
H2 production efficiencies by period: [0.95, 0.95, 0.95, 0.8800000000000386, 0.95, 0.95, 0.8870073162429319, 0.0, 0.8660936213263788, 0.95, 0.8027500940484248, 0.95, 0.8660839837291774, 0.95, 0.8027427059335069, 0.8027427059214756, 0.8027312066352538, 0.75, 0.9499443859032899, 0.0, 0.95, 0.8274322513970229, 0.8027432773895525, 0.8027167228003221]
H2 usage efficiencies by period: [0.6, 0.6, 0.6, 0.0, 0.0, 0.0, 0.0, 0.3, 0.6, 0.3, 0.6, 0.3, 0.6, 0.3, 0.6, 0.6, 0.6, 0.6, 0.3, 0.3, 0.0, 0.6, 0.6, 0.0]

PERIOD-BY-PERIOD VALUES:

########################################################################################################################################################################################################
Period |       E_toH2 |     E_fromH2 |    H_storage |       H_sell |        H_buy |     E_charge |  E_discharge |       E_sell |        E_buy |   Renewables |       DEMAND
--------------------------------------------------------------------------------------------------------------------------------------------------------------------------------------------------------
1      |        10.00 |         0.00 |         0.00 |         3.17 |         0.00 |         0.00 |         0.00 |         0.00 |       200.00 |         0.00 |       190.00
2      |        10.00 |         0.00 |         0.00 |         3.17 |         0.00 |         0.00 |         0.00 |         0.00 |       200.00 |         0.00 |       190.00
3      |        10.00 |         0.00 |         0.00 |         3.17 |         0.00 |         0.00 |         0.00 |         0.00 |       200.00 |         0.00 |       190.00
4      |        30.00 |         0.00 |         0.00 |         8.80 |         0.00 |         0.00 |         0.00 |         0.00 |       200.00 |        20.00 |       190.00
5      |         0.00 |         0.00 |         0.00 |         0.00 |         0.00 |         0.00 |         0.00 |         0.00 |       120.00 |        30.00 |       150.00
6      |        10.00 |         0.00 |         3.17 |         0.00 |         0.00 |         0.00 |         0.00 |         0.00 |       120.00 |        40.00 |       150.00
7      |        26.50 |         0.00 |        11.00 |         0.00 |         0.00 |         0.00 |         0.00 |         0.00 |        46.50 |        40.00 |        60.00
8      |         0.00 |       100.00 |         1.00 |         0.00 |         0.00 |         0.00 |         0.00 |         0.00 |         0.00 |        50.00 |       150.00
9      |        34.64 |         0.00 |        11.00 |         0.00 |         0.00 |         0.00 |         0.00 |         0.00 |        24.64 |        70.00 |        60.00
10     |         0.00 |       100.00 |         1.00 |         0.00 |         0.00 |         0.00 |         0.00 |        30.00 |         0.00 |        80.00 |       150.00
11     |        58.62 |         0.00 |        11.00 |         5.69 |         0.00 |         0.00 |         0.00 |         0.00 |       118.62 |        90.00 |       150.00
12     |         0.00 |       100.00 |         1.00 |         0.00 |         0.00 |         0.00 |         0.00 |        30.00 |         0.00 |        80.00 |       150.00
13     |        34.64 |         0.00 |        11.00 |         0.00 |         0.00 |         0.00 |         0.00 |         0.00 |        84.64 |       100.00 |       150.00
14     |         0.00 |       100.00 |         1.00 |         0.00 |         0.00 |         0.00 |         0.00 |        20.00 |         0.00 |        70.00 |       150.00
15     |        58.63 |         0.00 |         0.00 |        16.69 |         0.00 |         0.00 |         0.00 |         0.00 |       138.63 |        70.00 |       150.00
16     |        58.63 |         0.00 |         0.00 |        15.69 |         0.00 |         0.00 |         0.00 |         0.00 |       148.63 |        60.00 |       150.00
17     |        58.63 |         0.00 |         1.00 |        14.69 |         0.00 |         0.00 |         0.00 |         0.00 |       158.63 |        50.00 |       150.00
18     |        80.00 |         0.00 |        21.00 |         0.00 |         0.00 |         0.00 |         0.00 |         0.00 |       200.00 |        30.00 |       150.00
19     |         0.00 |       100.00 |        11.00 |         0.00 |         0.00 |         0.00 |         0.00 |         0.00 |        20.00 |        30.00 |       150.00
20     |         0.00 |       100.00 |         1.00 |         0.00 |         0.00 |         0.00 |         0.00 |         0.00 |        40.00 |        10.00 |       150.00
21     |         0.00 |         0.00 |         0.00 |         1.00 |         0.00 |         0.00 |         0.00 |         0.00 |        50.00 |        10.00 |        60.00
22     |        47.52 |         0.00 |         0.00 |        13.11 |         0.00 |         0.00 |         0.00 |         0.00 |       197.52 |         0.00 |       150.00
23     |        58.63 |         0.00 |         0.00 |        15.69 |         0.00 |         0.00 |         0.00 |         0.00 |        88.63 |         0.00 |        30.00
24     |        58.64 |         0.00 |         0.00 |        15.69 |         0.00 |         0.00 |         0.00 |         0.00 |        58.64 |         0.00 |         0.00
########################################################################################################################################################################################################

SUMMARY STATISTICS:
Average H2 production efficiency: 0.808041177971974
Average H2 usage efficiency: 0.37499999999999994
Total E_toH2: 645.0797000234315
Total E_fromH2: 600.0
Total H_storage: 85.16661338195365
Total H_sell: 116.53889302713398
Total H_buy: 0.0008431616371602502
#########################################################################################
