#########################################################################################
OPTIMIZATION RESULTS:
Timestamp: 2025-01-27T13:14:05.173
Objective value: 1284.9702482940384
Solve time: 360.0310001373291 seconds
Relative gap: 0.0014102089119051877

EFFICIENCY METRICS:
H2 production efficiencies by period: [0.0, 0.0, 0.0, 0.0, 1.0, 1.0, 1.0, 1.0, 0.0, 0.0, 0.0, 0.95, 0.0, 0.0, 1.0, 0.0, 0.0, 0.0, 0.95, 0.0, 0.0, 0.0, 0.0, 0.0]
H2 usage efficiencies by period: [0.7, 0.7, 0.6098111067984346, 0.6097517732796657, 0.6, 0.6, 0.6, 0.6, 0.7, 0.7, 0.7, 0.7, 0.7, 0.7, 0.7, 0.7, 0.6100293859748891, 0.6098305000254055, 0.7, 0.7, 0.7, 0.6098170598884571, 0.700000300942644, 0.0]

PERIOD-BY-PERIOD VALUES:

########################################################################################################################################################################################################
Period |       E_toH2 |     E_fromH2 |    H_storage |       H_sell |        H_buy |     E_charge |  E_discharge |       E_sell |        E_buy |   Renewables |       DEMAND
--------------------------------------------------------------------------------------------------------------------------------------------------------------------------------------------------------
1      |         0.00 |        90.00 |        96.14 |         0.00 |       100.00 |         0.00 |         0.00 |         0.00 |         0.00 |         0.00 |        90.00
2      |         0.00 |        90.00 |        92.29 |         0.00 |         0.00 |         0.00 |         0.00 |         0.00 |         0.00 |         0.00 |        90.00
3      |         0.00 |        99.02 |        87.40 |         0.00 |         0.00 |         0.00 |         0.00 |         0.00 |       140.98 |         0.00 |       240.00
4      |         0.00 |        99.02 |        82.52 |         0.00 |         0.00 |         0.00 |         0.00 |         0.00 |       120.98 |        20.00 |       240.00
5      |         0.00 |       100.00 |        77.52 |         0.00 |         0.00 |         0.00 |         0.00 |         0.00 |        20.00 |        30.00 |       150.00
6      |         0.00 |       100.00 |        72.52 |         0.00 |         0.00 |         0.00 |         0.00 |         0.00 |        10.00 |        40.00 |       150.00
7      |         0.00 |       100.00 |        67.52 |         0.00 |         0.00 |         0.00 |         0.00 |         0.00 |        10.00 |        40.00 |       150.00
8      |         0.00 |       100.00 |        62.52 |         0.00 |         0.00 |         0.00 |         0.00 |         0.00 |         0.00 |        50.00 |       150.00
9      |         0.00 |        90.00 |        58.66 |         0.00 |         0.00 |         0.00 |         0.00 |        10.00 |         0.00 |        70.00 |       150.00
10     |         0.00 |        90.00 |        54.81 |         0.00 |         0.00 |         0.00 |         0.00 |        20.00 |         0.00 |        80.00 |       150.00
11     |         0.00 |        90.00 |        50.95 |         0.00 |         0.00 |         0.00 |         0.00 |        30.00 |         0.00 |        90.00 |       150.00
12     |         0.00 |        90.00 |        47.09 |         0.00 |         0.00 |         0.00 |         0.00 |        20.00 |         0.00 |        80.00 |       150.00
13     |         0.00 |        90.00 |        43.24 |         0.00 |         0.00 |         0.00 |         0.00 |        40.00 |         0.00 |       100.00 |       150.00
14     |         0.00 |        90.00 |        39.38 |         0.00 |         0.00 |         0.00 |         0.00 |        10.00 |         0.00 |        70.00 |       150.00
15     |         0.00 |        90.00 |        35.52 |         0.00 |         0.00 |         0.00 |         0.00 |        10.00 |         0.00 |        70.00 |       150.00
16     |         0.00 |        90.00 |        31.07 |         0.59 |         0.00 |         0.00 |         0.00 |         0.00 |         0.00 |        60.00 |       150.00
17     |         0.00 |        99.00 |        26.19 |         0.00 |         0.00 |         0.00 |         0.00 |         0.00 |         1.00 |        50.00 |       150.00
18     |         0.00 |        99.02 |        21.31 |         0.00 |         0.00 |         0.00 |         0.00 |         0.00 |        20.98 |        30.00 |       150.00
19     |         0.00 |        90.00 |        17.45 |         0.00 |         0.00 |         0.00 |         0.00 |        10.00 |         0.00 |        30.00 |       110.00
20     |         0.00 |        90.00 |        13.60 |         0.00 |         0.00 |         0.00 |         0.00 |         0.00 |         0.00 |        10.00 |       100.00
21     |         0.00 |        90.00 |         9.74 |         0.00 |         0.00 |         0.00 |         0.00 |         0.00 |         0.00 |        10.00 |       100.00
22     |         0.00 |        99.02 |         4.86 |         0.00 |         0.00 |         0.00 |         0.00 |         0.00 |         0.98 |         0.00 |       100.00
23     |         0.00 |        90.00 |         1.00 |         0.00 |         0.00 |         0.00 |         0.00 |        70.00 |         0.00 |         0.00 |        20.00
24     |         0.00 |         0.00 |         0.00 |         1.00 |         0.00 |         0.00 |         0.00 |         0.00 |         0.00 |         0.00 |         0.00
########################################################################################################################################################################################################

SUMMARY STATISTICS:
Average H2 production efficiency: 0.28750000000000003
Average H2 usage efficiency: 0.6353850052878955
Total E_toH2: 0.0
Total E_fromH2: 2155.075917084526
Total H_storage: 1093.3115655945116
Total H_sell: 1.5944524775431375
Total H_buy: 100.0
#########################################################################################
