#########################################################################################
OPTIMIZATION RESULTS:
Timestamp: 2025-01-27T05:18:45.311
Objective value: 2231.3349938861475
Solve time: 360.09299993515015 seconds
Relative gap: 0.17614872567155182

EFFICIENCY METRICS:
H2 production efficiencies by period: [0.8026864329883263, 0.0, 0.0, 0.9, 0.0, 0.0, 0.0, 0.0, 0.0, 0.0, 0.802726178254676, 0.0, 0.0, 0.0, 0.802742791754105, 0.8027454267856562, 0.801895341462656, 0.802721804457466, 0.9, 0.95, 0.95, 0.75, 0.802720976938088, 0.802722697337319]
H2 usage efficiencies by period: [0.0, 0.3, 0.3, 0.3, 0.3, 0.3, 0.3, 0.3, 0.3, 0.3, 0.0, 0.45, 0.5, 0.3, 0.6, 0.0, 0.6, 0.0, 0.3, 0.3, 0.3, 0.3, 0.6, 0.0]

PERIOD-BY-PERIOD VALUES:

########################################################################################################################################################################################################
Period |       E_toH2 |     E_fromH2 |    H_storage |       H_sell |        H_buy |     E_charge |  E_discharge |       E_sell |        E_buy |   Renewables |       DEMAND
--------------------------------------------------------------------------------------------------------------------------------------------------------------------------------------------------------
1      |        58.66 |         0.00 |       115.69 |         0.00 |       100.00 |         0.00 |         0.00 |         0.00 |        58.66 |         0.00 |         0.00
2      |         0.00 |       100.00 |       105.69 |         0.00 |         0.00 |         0.00 |         0.00 |         0.00 |        90.00 |         0.00 |       190.00
3      |         0.00 |       100.00 |        95.69 |         0.00 |         0.00 |         0.00 |         0.00 |         0.00 |       180.00 |         0.00 |       280.00
4      |         0.00 |       100.00 |        85.69 |         0.00 |         0.00 |         0.00 |         0.00 |         0.00 |        70.00 |        20.00 |       190.00
5      |         0.00 |       100.00 |        75.69 |         0.00 |         0.00 |         0.00 |         0.00 |         0.00 |        20.00 |        30.00 |       150.00
6      |         0.00 |       100.00 |        65.69 |         0.00 |         0.00 |         0.00 |         0.00 |         0.00 |        10.00 |        40.00 |       150.00
7      |         0.00 |       100.00 |        55.69 |         0.00 |         0.00 |         0.00 |         0.00 |         0.00 |        10.00 |        40.00 |       150.00
8      |         0.00 |       100.00 |        45.69 |         0.00 |         0.00 |         0.00 |         0.00 |         0.00 |         0.00 |        50.00 |       150.00
9      |         0.00 |       100.00 |        35.69 |         0.00 |         0.00 |         0.00 |         0.00 |        20.00 |         0.00 |        70.00 |       150.00
10     |         0.00 |       100.00 |        25.69 |         0.00 |         0.00 |         0.00 |         0.00 |        30.00 |         0.00 |        80.00 |       150.00
11     |        58.64 |         0.00 |        41.38 |         0.00 |         0.00 |         0.00 |         0.00 |         0.00 |       118.64 |        90.00 |       150.00
12     |         0.00 |        70.00 |        30.88 |         0.00 |         0.00 |         0.00 |         0.00 |         0.00 |         0.00 |        80.00 |       150.00
13     |         0.00 |        50.00 |        22.55 |         0.00 |         0.00 |         0.00 |         0.00 |         0.00 |         0.00 |       100.00 |       150.00
14     |         0.00 |       100.00 |        12.55 |         0.00 |         0.00 |         0.00 |         0.00 |        20.00 |         0.00 |        70.00 |       150.00
15     |        58.63 |         0.00 |        28.24 |         0.00 |         0.00 |         0.00 |         0.00 |         0.00 |       138.63 |        70.00 |       150.00
16     |        58.63 |         0.00 |        43.92 |         0.00 |         0.00 |         0.00 |         0.00 |         0.00 |       148.63 |        60.00 |       150.00
17     |        59.05 |         0.00 |        59.71 |         0.00 |         0.00 |         0.00 |         0.00 |         0.00 |       159.05 |        50.00 |       150.00
18     |        58.64 |         0.00 |        75.40 |         0.00 |         0.00 |         0.00 |         0.00 |         0.00 |       178.64 |        30.00 |       150.00
19     |         0.00 |       100.00 |        31.00 |        34.40 |         0.00 |         0.00 |         0.00 |        20.00 |         0.00 |        30.00 |       110.00
20     |         0.00 |       100.00 |        21.00 |         0.00 |         0.00 |         0.00 |         0.00 |        10.00 |         0.00 |        10.00 |       100.00
21     |         0.00 |       100.00 |        11.00 |         0.00 |         0.00 |         0.00 |         0.00 |        10.00 |         0.00 |        10.00 |       100.00
22     |         0.00 |       100.00 |         1.00 |         0.00 |         0.00 |         0.00 |         0.00 |         0.00 |         0.00 |         0.00 |       100.00
23     |        58.64 |         0.00 |         0.00 |        16.69 |         0.00 |         0.00 |         0.00 |         0.00 |        78.64 |         0.00 |        20.00
24     |        58.64 |         0.00 |         0.00 |        15.69 |         0.00 |         0.00 |         0.00 |         0.00 |        58.64 |         0.00 |         0.00
########################################################################################################################################################################################################

SUMMARY STATISTICS:
Average H2 production efficiency: 0.45295673541576226
Average H2 usage efficiency: 0.2895833333333333
Total E_toH2: 469.519184535671
Total E_fromH2: 1520.0
Total H_storage: 1085.5645637634898
Total H_sell: 66.78176416559852
Total H_buy: 100.0
#########################################################################################
