#########################################################################################
OPTIMIZATION RESULTS:
Timestamp: 2025-01-27T06:48:57.527
Objective value: 2251.877337097129
Solve time: 360.0090389251709 seconds
Relative gap: 0.12935047068743452

EFFICIENCY METRICS:
H2 production efficiencies by period: [0.8, 0.0, 0.0, 0.4, 0.4, 0.0, 0.0, 0.4, 0.0, 0.4, 0.8, 0.0, 0.4, 0.0, 0.8, 0.8, 0.8, 0.75, 0.0, 0.4, 0.0, 0.8, 0.8, 0.8]
H2 usage efficiencies by period: [0.0, 0.4, 0.3, 0.3, 0.4, 0.5, 0.5, 0.37999999999999945, 0.4, 0.3899999999999999, 0.0, 0.3899999999999999, 0.3, 0.4, 0.0, 0.1, 0.3800000000000009, 0.18, 0.39999948807841584, 0.41999999999999976, 0.4199999999999999, 0.18, 0.0, 0.0]

PERIOD-BY-PERIOD VALUES:

########################################################################################################################################################################################################
Period |       E_toH2 |     E_fromH2 |    H_storage |       H_sell |        H_buy |     E_charge |  E_discharge |       E_sell |        E_buy |   Renewables |       DEMAND
--------------------------------------------------------------------------------------------------------------------------------------------------------------------------------------------------------
1      |       100.00 |         0.00 |       126.67 |         0.00 |       100.00 |         0.00 |         0.00 |         0.00 |       190.00 |         0.00 |        90.00
2      |         0.00 |        80.00 |       116.00 |        -0.00 |         0.00 |         0.00 |         0.00 |         0.00 |       200.00 |         0.00 |       280.00
3      |         0.00 |        50.00 |       111.00 |         0.00 |         0.00 |         0.00 |         0.00 |         0.00 |       190.00 |         0.00 |       240.00
4      |         0.00 |        50.00 |       106.00 |         0.00 |         0.00 |         0.00 |         0.00 |         0.00 |        80.00 |        20.00 |       150.00
5      |         0.00 |        80.00 |        95.33 |         0.00 |         0.00 |         0.00 |         0.00 |         0.00 |         0.00 |        30.00 |       110.00
6      |         0.00 |       100.00 |        78.67 |         0.00 |         0.00 |         0.00 |         0.00 |         0.00 |        10.00 |        40.00 |       150.00
7      |         0.00 |       100.00 |        62.00 |         0.00 |         0.00 |         0.00 |         0.00 |         0.00 |        10.00 |        40.00 |       150.00
8      |         0.00 |        60.00 |        54.40 |         0.00 |         0.00 |         0.00 |         0.00 |         0.00 |         0.00 |        50.00 |       110.00
9      |         0.00 |        80.00 |        43.73 |         0.00 |         0.00 |         0.00 |         0.00 |         0.00 |         0.00 |        70.00 |       150.00
10     |         0.00 |        70.00 |        34.63 |         0.00 |         0.00 |         0.00 |         0.00 |         0.00 |         0.00 |        80.00 |       150.00
11     |       100.00 |         0.00 |        61.30 |         0.00 |         0.00 |         0.00 |         0.00 |         0.00 |       160.00 |        90.00 |       150.00
12     |         0.00 |        70.00 |        52.20 |         0.00 |         0.00 |         0.00 |         0.00 |         0.00 |         0.00 |        80.00 |       150.00
13     |         0.00 |        50.00 |        47.20 |         0.00 |         0.00 |         0.00 |         0.00 |         0.00 |         0.00 |       100.00 |       150.00
14     |         0.00 |        80.00 |        36.53 |         0.00 |         0.00 |         0.00 |         0.00 |         0.00 |         0.00 |        70.00 |       150.00
15     |       100.00 |         0.00 |        63.20 |         0.00 |         0.00 |         0.00 |         0.00 |         0.00 |       180.00 |        70.00 |       150.00
16     |       100.00 |         0.00 |        89.87 |         0.00 |         0.00 |         0.00 |         0.00 |         0.00 |       190.00 |        60.00 |       150.00
17     |       100.00 |         0.00 |       116.53 |         0.00 |         0.00 |         0.00 |         0.00 |         0.00 |       200.00 |        50.00 |       150.00
18     |        80.00 |         0.00 |       136.53 |         0.00 |         0.00 |         0.00 |         0.00 |         0.00 |       200.00 |        30.00 |       150.00
19     |         0.00 |        80.00 |       125.87 |         0.00 |         0.00 |         0.00 |         0.00 |         0.00 |         0.00 |        30.00 |       110.00
20     |         0.00 |        90.00 |       113.27 |         0.00 |         0.00 |         0.00 |         0.00 |         0.00 |         0.00 |        10.00 |       100.00
21     |         0.00 |        90.00 |       100.67 |         0.00 |         0.00 |         0.00 |         0.00 |         0.00 |         0.00 |        10.00 |       100.00
22     |       100.00 |         0.00 |       127.33 |         0.00 |         0.00 |         0.00 |         0.00 |         0.00 |       200.00 |         0.00 |       100.00
23     |       100.00 |         0.00 |         0.00 |       154.00 |         0.00 |         0.00 |         0.00 |         0.00 |       120.00 |         0.00 |        20.00
24     |       100.00 |         0.00 |         0.00 |        26.67 |         0.00 |         0.00 |         0.00 |         0.00 |       100.00 |         0.00 |         0.00
########################################################################################################################################################################################################

SUMMARY STATISTICS:
Average H2 production efficiency: 0.3979166666666667
Average H2 usage efficiency: 0.28083331200326733
Total E_toH2: 880.0
Total E_fromH2: 1130.0001022708848
Total H_storage: 1898.9333363034611
Total H_sell: 180.66666926422252
Total H_buy: 100.0
#########################################################################################
