#########################################################################################
OPTIMIZATION RESULTS:
Timestamp: 2025-01-27T05:47:39.445
Objective value: 280.70512820512823
Solve time: 3.3289999961853027 seconds
Relative gap: 1.4868929897937783e-11

EFFICIENCY METRICS:
H2 production efficiencies by period: [0.65, 0.58, 0.0, 0.58, 0.58, 0.58, 0.55, 0.58, 0.55, 0.6, 0.58, 0.45, 0.52, 0.5, 0.48, 0.48, 0.0, 0.52, 0.0, 0.52, 0.42, 0.0, 0.58, 0.0]
H2 usage efficiencies by period: [0.0, 0.0, 0.0, 0.0, 0.0, 0.0, 0.0, 0.0, 0.0, 0.0, 0.0, 0.0, 0.0, 0.0, 0.0, 0.0, 0.0, 0.0, 0.0, 0.0, 0.0, 0.0, 0.0, 0.0]

PERIOD-BY-PERIOD VALUES:

########################################################################################################################################################################################################
Period |       E_toH2 |     E_fromH2 |    H_storage |       H_sell |        H_buy |     E_charge |  E_discharge |       E_sell |        E_buy |   Renewables |       DEMAND
--------------------------------------------------------------------------------------------------------------------------------------------------------------------------------------------------------
1      |        10.00 |         0.00 |         1.00 |         1.17 |         0.00 |         0.00 |         0.00 |         0.00 |        10.00 |         0.00 |         0.00
2      |         0.00 |       100.00 |         1.00 |         0.00 |         0.00 |         0.00 |         0.00 |         0.00 |        90.00 |         0.00 |       190.00
3      |         0.00 |       100.00 |         1.00 |         0.00 |         0.00 |         0.00 |         0.00 |         0.00 |       180.00 |         0.00 |       280.00
4      |         0.00 |       100.00 |         1.00 |         0.00 |         0.00 |         0.00 |         0.00 |         0.00 |        70.00 |        20.00 |       190.00
5      |         0.00 |       100.00 |         1.00 |         0.00 |         0.00 |         0.00 |         0.00 |         0.00 |        20.00 |        30.00 |       150.00
6      |         0.00 |       100.00 |         1.00 |         0.00 |         0.00 |         0.00 |         0.00 |         0.00 |        10.00 |        40.00 |       150.00
7      |         0.00 |       100.00 |         1.00 |         0.00 |         0.00 |         0.00 |         0.00 |         0.00 |        10.00 |        40.00 |       150.00
8      |         0.00 |       100.00 |         1.00 |         0.00 |         0.00 |         0.00 |         0.00 |         0.00 |         0.00 |        50.00 |       150.00
9      |         0.00 |       100.00 |         1.00 |         0.00 |         0.00 |         0.00 |         0.00 |        20.00 |         0.00 |        70.00 |       150.00
10     |         0.00 |       100.00 |         1.00 |         0.00 |         0.00 |         0.00 |         0.00 |        30.00 |         0.00 |        80.00 |       150.00
11     |         0.00 |       100.00 |         1.00 |         0.00 |         0.00 |         0.00 |         0.00 |        40.00 |         0.00 |        90.00 |       150.00
12     |         0.00 |       100.00 |         1.00 |         0.00 |         0.00 |         0.00 |         0.00 |        30.00 |         0.00 |        80.00 |       150.00
13     |         0.00 |       100.00 |         1.00 |         0.00 |         0.00 |         0.00 |         0.00 |        50.00 |         0.00 |       100.00 |       150.00
14     |         0.00 |       100.00 |         1.00 |         0.00 |         0.00 |         0.00 |         0.00 |        20.00 |         0.00 |        70.00 |       150.00
15     |         0.00 |       100.00 |         1.00 |         0.00 |         0.00 |         0.00 |         0.00 |        20.00 |         0.00 |        70.00 |       150.00
16     |         0.00 |       100.00 |         1.00 |         0.00 |         0.00 |         0.00 |         0.00 |        10.00 |         0.00 |        60.00 |       150.00
17     |         0.00 |       100.00 |         1.00 |         0.00 |         0.00 |         0.00 |         0.00 |         0.00 |         0.00 |        50.00 |       150.00
18     |         0.00 |       100.00 |         1.00 |         0.00 |         0.00 |         0.00 |         0.00 |         0.00 |        20.00 |        30.00 |       150.00
19     |         0.00 |       100.00 |         1.00 |         0.00 |         0.00 |         0.00 |         0.00 |        20.00 |         0.00 |        30.00 |       110.00
20     |         0.00 |       100.00 |         1.00 |         0.00 |         0.00 |         0.00 |         0.00 |        10.00 |         0.00 |        10.00 |       100.00
21     |         0.00 |       100.00 |         1.00 |         0.00 |         0.00 |         0.00 |         0.00 |        10.00 |         0.00 |        10.00 |       100.00
22     |         0.00 |       100.00 |         1.00 |         0.00 |         0.00 |         0.00 |         0.00 |         0.00 |         0.00 |         0.00 |       100.00
23     |         0.00 |       100.00 |         1.00 |         0.00 |         0.00 |         0.00 |         0.00 |        80.00 |         0.00 |         0.00 |        20.00
24     |         0.00 |         0.00 |         0.00 |         1.00 |         0.00 |         0.00 |         0.00 |         0.00 |         0.00 |         0.00 |         0.00
########################################################################################################################################################################################################

SUMMARY STATISTICS:
Average H2 production efficiency: 0.4291666666666667
Average H2 usage efficiency: 0.0
Total E_toH2: 10.0
Total E_fromH2: 2200.0
Total H_storage: 23.0
Total H_sell: 2.166666666666667
Total H_buy: 0.0
#########################################################################################
