#########################################################################################
OPTIMIZATION RESULTS:
Timestamp: 2025-01-27T06:33:41.444
Objective value: 2614.9365089389203
Solve time: 360.01514315605164 seconds
Relative gap: 0.13111244426153487

EFFICIENCY METRICS:
H2 production efficiencies by period: [0.0, 0.0, 0.15, 0.15, 0.15, 0.15, 0.15, 0.15, 0.0, 0.00019390550405828932, 0.93, 0.0, 0.15, 0.0, 0.93, 0.93, 0.93, 0.85, 0.0, 0.0, 0.15, 0.93, 0.93, 0.93]
H2 usage efficiencies by period: [0.2800000000000217, 0.04183048193437742, 0.27999990970674016, 0.28, 0.5, 0.49999980825214496, 0.75, 0.68, 0.8300000000000171, 0.75, 0.1, 0.75, 0.5, 0.599906569379003, 0.1, 0.1, 0.1, 0.1, 0.8300000000004285, 0.9, 0.9, 0.0, 0.0, 0.0]

PERIOD-BY-PERIOD VALUES:

########################################################################################################################################################################################################
Period |       E_toH2 |     E_fromH2 |    H_storage |       H_sell |        H_buy |     E_charge |  E_discharge |       E_sell |        E_buy |   Renewables |       DEMAND
--------------------------------------------------------------------------------------------------------------------------------------------------------------------------------------------------------
1      |         0.00 |        20.00 |        98.13 |         0.00 |       100.00 |         0.00 |         0.00 |         0.00 |       170.00 |         0.00 |       190.00
2      |         0.00 |         4.18 |        98.08 |         0.00 |         0.00 |         0.00 |         0.00 |         0.00 |       185.82 |         0.00 |       190.00
3      |         0.00 |        20.00 |        96.21 |         0.00 |         0.00 |         0.00 |         0.00 |         0.00 |       170.00 |         0.00 |       190.00
4      |         0.00 |        20.00 |        94.34 |         0.00 |         0.00 |         0.00 |         0.00 |         0.00 |       150.00 |        20.00 |       190.00
5      |         0.00 |        50.00 |        86.01 |         0.00 |         0.00 |         0.00 |         0.00 |         0.00 |        70.00 |        30.00 |       150.00
6      |         0.00 |        50.00 |        77.68 |         0.00 |         0.00 |         0.00 |         0.00 |         0.00 |        60.00 |        40.00 |       150.00
7      |         0.00 |        70.00 |        60.18 |         0.00 |         0.00 |         0.00 |         0.00 |         0.00 |         0.00 |        40.00 |       110.00
8      |         0.00 |        60.00 |        46.58 |         0.00 |         0.00 |         0.00 |         0.00 |         0.00 |         0.00 |        50.00 |       110.00
9      |         0.00 |        80.00 |        24.44 |         0.00 |         0.00 |         0.00 |         0.00 |         0.00 |         0.00 |        70.00 |       150.00
10     |         0.00 |        70.00 |         6.94 |         0.00 |         0.00 |         0.00 |         0.00 |         0.00 |         0.00 |        80.00 |       150.00
11     |       100.00 |         0.00 |        37.94 |         0.00 |         0.00 |         0.00 |         0.00 |         0.00 |       160.00 |        90.00 |       150.00
12     |         0.00 |        70.00 |        20.44 |         0.00 |         0.00 |         0.00 |         0.00 |         0.00 |         0.00 |        80.00 |       150.00
13     |         0.00 |        50.00 |        12.11 |         0.00 |         0.00 |         0.00 |         0.00 |         0.00 |         0.00 |       100.00 |       150.00
14     |         0.00 |        55.55 |         1.00 |         0.00 |         0.00 |         0.00 |         0.00 |         0.00 |        24.45 |        70.00 |       150.00
15     |       100.00 |         0.00 |        32.00 |         0.00 |         0.00 |         0.00 |         0.00 |         0.00 |       180.00 |        70.00 |       150.00
16     |       100.00 |         0.00 |        63.00 |         0.00 |         0.00 |         0.00 |         0.00 |         0.00 |       190.00 |        60.00 |       150.00
17     |       100.00 |         0.00 |        94.00 |         0.00 |         0.00 |         0.00 |         0.00 |         0.00 |       200.00 |        50.00 |       150.00
18     |        80.00 |         0.00 |       116.67 |         0.00 |         0.00 |         0.00 |         0.00 |         0.00 |       200.00 |        30.00 |       150.00
19     |         0.00 |        80.00 |        94.53 |         0.00 |         0.00 |         0.00 |         0.00 |         0.00 |         0.00 |        30.00 |       110.00
20     |         0.00 |        90.00 |        67.53 |         0.00 |         0.00 |         0.00 |         0.00 |         0.00 |         0.00 |        10.00 |       100.00
21     |         0.00 |        90.00 |        40.53 |         0.00 |         0.00 |         0.00 |         0.00 |         0.00 |         0.00 |        10.00 |       100.00
22     |       100.00 |         0.00 |        71.53 |         0.00 |         0.00 |         0.00 |         0.00 |         0.00 |       200.00 |         0.00 |       100.00
23     |       100.00 |         0.00 |         0.00 |       102.53 |         0.00 |         0.00 |         0.00 |         0.00 |       120.00 |         0.00 |        20.00
24     |       100.00 |         0.00 |         0.00 |        31.00 |         0.00 |         0.00 |         0.00 |         0.00 |       100.00 |         0.00 |         0.00
########################################################################################################################################################################################################

SUMMARY STATISTICS:
Average H2 production efficiency: 0.3566747460626691
Average H2 usage efficiency: 0.41132236538636385
Total E_toH2: 780.0
Total E_fromH2: 879.7334041296015
Total H_storage: 1339.866777641268
Total H_sell: 133.53333627022425
Total H_buy: 100.0
#########################################################################################
