#########################################################################################
OPTIMIZATION RESULTS:
Timestamp: 2025-01-27T13:29:15.084
Objective value: 847.7022272219975
Solve time: 360.0569999217987 seconds
Relative gap: 0.06384393892609888

EFFICIENCY METRICS:
H2 production efficiencies by period: [0.0, 0.0, 0.0, 0.0, 0.0, 0.0, 0.82, 0.82, 0.0, 0.0, 0.0, 0.0, 0.0, 0.0, 0.0, 0.0, 0.0, 0.0, 0.0, 0.0, 0.0, 0.0, 0.0, 0.0]
H2 usage efficiencies by period: [0.0, 0.52, 0.4, 0.4, 0.43, 0.45, 0.3, 0.3, 0.43, 0.45, 0.48, 0.45, 0.5, 0.43, 0.43, 0.4, 0.4, 0.4, 0.43, 0.4, 0.4, 0.4, 0.5582034617988445, 0.0]

PERIOD-BY-PERIOD VALUES:

########################################################################################################################################################################################################
Period |       E_toH2 |     E_fromH2 |    H_storage |       H_sell |        H_buy |     E_charge |  E_discharge |       E_sell |        E_buy |   Renewables |       DEMAND
--------------------------------------------------------------------------------------------------------------------------------------------------------------------------------------------------------
1      |         0.00 |         0.00 |         0.00 |         0.00 |         0.00 |         0.00 |         0.00 |         0.00 |       190.00 |         0.00 |       190.00
2      |         0.00 |         0.00 |         0.00 |         0.00 |         0.00 |         0.00 |         0.00 |         0.00 |       190.00 |         0.00 |       190.00
3      |         0.00 |        90.00 |       993.25 |         0.00 |      1000.00 |         0.00 |         0.00 |         0.00 |       100.00 |         0.00 |       190.00
4      |         0.00 |        90.00 |       986.50 |         0.00 |         0.00 |         0.00 |         0.00 |         0.00 |        80.00 |        20.00 |       190.00
5      |         0.00 |        80.00 |       980.92 |         0.00 |         0.00 |         0.00 |         0.00 |         0.00 |         0.00 |        30.00 |       110.00
6      |         0.00 |        70.00 |       976.25 |         0.00 |         0.00 |         0.00 |         0.00 |         0.00 |         0.00 |        40.00 |       110.00
7      |         0.00 |       100.00 |       966.25 |         0.00 |         0.00 |         0.00 |         0.00 |         0.00 |        10.00 |        40.00 |       150.00
8      |         0.00 |       100.00 |        81.38 |       874.88 |         0.00 |         0.00 |         0.00 |         0.00 |         0.00 |        50.00 |       150.00
9      |         0.00 |        80.00 |        75.79 |         0.00 |         0.00 |         0.00 |         0.00 |         0.00 |         0.00 |        70.00 |       150.00
10     |         0.00 |        70.00 |        71.13 |         0.00 |         0.00 |         0.00 |         0.00 |         0.00 |         0.00 |        80.00 |       150.00
11     |         0.00 |        60.00 |        67.38 |         0.00 |         0.00 |         0.00 |         0.00 |         0.00 |         0.00 |        90.00 |       150.00
12     |         0.00 |        70.00 |        62.71 |         0.00 |         0.00 |         0.00 |         0.00 |         0.00 |         0.00 |        80.00 |       150.00
13     |         0.00 |        50.00 |        59.71 |         0.00 |         0.00 |         0.00 |         0.00 |         0.00 |         0.00 |       100.00 |       150.00
14     |         0.00 |        80.00 |        54.13 |         0.00 |         0.00 |         0.00 |         0.00 |         0.00 |         0.00 |        70.00 |       150.00
15     |         0.00 |        80.00 |        48.55 |         0.00 |         0.00 |         0.00 |         0.00 |         0.00 |         0.00 |        70.00 |       150.00
16     |         0.00 |        90.00 |        41.80 |         0.00 |         0.00 |         0.00 |         0.00 |         0.00 |         0.00 |        60.00 |       150.00
17     |         0.00 |        90.00 |        35.05 |         0.00 |         0.00 |         0.00 |         0.00 |         0.00 |        10.00 |        50.00 |       150.00
18     |         0.00 |        90.00 |        28.30 |         0.00 |         0.00 |         0.00 |         0.00 |         0.00 |        30.00 |        30.00 |       150.00
19     |         0.00 |        80.00 |        22.72 |         0.00 |         0.00 |         0.00 |         0.00 |         0.00 |         0.00 |        30.00 |       110.00
20     |         0.00 |        90.00 |        15.97 |         0.00 |         0.00 |         0.00 |         0.00 |         0.00 |         0.00 |        10.00 |       100.00
21     |         0.00 |        90.00 |         9.22 |         0.00 |         0.00 |         0.00 |         0.00 |         0.00 |         0.00 |        10.00 |       100.00
22     |         0.00 |        90.00 |         2.47 |         0.00 |         0.00 |         0.00 |         0.00 |         0.00 |        10.00 |         0.00 |       100.00
23     |         0.00 |        27.27 |         1.00 |         0.00 |         0.00 |         0.00 |         0.00 |         7.27 |         0.00 |         0.00 |        20.00
24     |         0.00 |         0.00 |         0.00 |         1.00 |         0.00 |         0.00 |         0.00 |         0.00 |         0.00 |         0.00 |         0.00
########################################################################################################################################################################################################

SUMMARY STATISTICS:
Average H2 production efficiency: 0.06833333333333333
Average H2 usage efficiency: 0.38992514424161856
Total E_toH2: 0.0
Total E_fromH2: 1667.2655157872657
Total H_storage: 5580.450016619749
Total H_sell: 875.8768453302531
Total H_buy: 1000.0
#########################################################################################
