#########################################################################################
OPTIMIZATION RESULTS:
Timestamp: 2025-01-27T13:41:25.772
Objective value: 3174.296913577081
Solve time: 360.05099987983704 seconds
Relative gap: 0.41747589794507944

EFFICIENCY METRICS:
H2 production efficiencies by period: [0.5, 0.65, 0.42, 0.58, 0.0, 0.0, 0.0, 0.0, 0.0, 0.0, 0.0, 0.0, 0.0, 0.0, 0.0, 0.0, 0.0, 0.0, 0.0, 0.0, 0.0, 0.0, 0.0, 0.0]
H2 usage efficiencies by period: [0.14516780103632831, 0.1451678010363255, 0.15, 0.1451678010363255, 0.2276223575343116, 0.2276223575343116, 0.18, 0.18, 0.13, 0.15, 0.14516780103632831, 0.17083621894785736, 0.2, 0.18, 0.1451678010363255, 0.1451678010363255, 0.1451678010363255, 0.1451678010363255, 0.25, 0.18, 0.2, 0.1451678010363255, 0.1451678010363255, 0.0]

PERIOD-BY-PERIOD VALUES:

########################################################################################################################################################################################################
Period |       E_toH2 |     E_fromH2 |    H_storage |       H_sell |        H_buy |     E_charge |  E_discharge |       E_sell |        E_buy |   Renewables |       DEMAND
--------------------------------------------------------------------------------------------------------------------------------------------------------------------------------------------------------
1      |         0.00 |         4.84 |       115.22 |         0.00 |       115.46 |         0.00 |         0.00 |         0.00 |       185.16 |         0.00 |       190.00
2      |         0.00 |         4.84 |       114.99 |         0.00 |         0.00 |         0.00 |         0.00 |         0.00 |       185.16 |         0.00 |       190.00
3      |         0.00 |         0.00 |       114.99 |         0.00 |         0.00 |         0.00 |         0.00 |         0.00 |       190.00 |         0.00 |       190.00
4      |         0.00 |         4.84 |       114.76 |         0.00 |         0.00 |         0.00 |         0.00 |         0.00 |       165.16 |        20.00 |       190.00
5      |         0.00 |        37.46 |       109.80 |         0.00 |         0.00 |         0.00 |         0.00 |         0.00 |        82.54 |        30.00 |       150.00
6      |         0.00 |        37.46 |       104.85 |         0.00 |         0.00 |         0.00 |         0.00 |         0.00 |        72.54 |        40.00 |       150.00
7      |         0.00 |        60.00 |        94.85 |         0.00 |         0.00 |         0.00 |         0.00 |         0.00 |        10.00 |        40.00 |       110.00
8      |         0.00 |        60.00 |        84.85 |         0.00 |         0.00 |         0.00 |         0.00 |         0.00 |         0.00 |        50.00 |       110.00
9      |         0.00 |        80.00 |        66.39 |         0.00 |         0.00 |         0.00 |         0.00 |         0.00 |         0.00 |        70.00 |       150.00
10     |         0.00 |        70.00 |        52.39 |         0.00 |         0.00 |         0.00 |         0.00 |         0.00 |         0.00 |        80.00 |       150.00
11     |         0.00 |         4.84 |        52.16 |         0.00 |         0.00 |         0.00 |         0.00 |         0.00 |        55.16 |        90.00 |       150.00
12     |         0.00 |        63.05 |        41.00 |         0.00 |         0.00 |         0.00 |         0.00 |         0.00 |         6.95 |        80.00 |       150.00
13     |         0.00 |        50.00 |        33.50 |         0.00 |         0.00 |         0.00 |         0.00 |         0.00 |         0.00 |       100.00 |       150.00
14     |         0.00 |        60.00 |        23.50 |         0.00 |         0.00 |         0.00 |         0.00 |         0.00 |        20.00 |        70.00 |       150.00
15     |         0.00 |         4.84 |        23.27 |         0.00 |         0.00 |         0.00 |         0.00 |         0.00 |        75.16 |        70.00 |       150.00
16     |         0.00 |         4.84 |        23.04 |         0.00 |         0.00 |         0.00 |         0.00 |         0.00 |        85.16 |        60.00 |       150.00
17     |         0.00 |         4.84 |        22.80 |         0.00 |         0.00 |         0.00 |         0.00 |         0.00 |        95.16 |        50.00 |       150.00
18     |         0.00 |         4.84 |        22.57 |         0.00 |         0.00 |         0.00 |         0.00 |         0.00 |       115.16 |        30.00 |       150.00
19     |         0.00 |        30.00 |        18.97 |         0.00 |         0.00 |         0.00 |         0.00 |         0.00 |         0.00 |        30.00 |        60.00
20     |         0.00 |        60.00 |         8.97 |         0.00 |         0.00 |         0.00 |         0.00 |         0.00 |        80.00 |        10.00 |       150.00
21     |         0.00 |        50.00 |         1.47 |         0.00 |         0.00 |         0.00 |         0.00 |         0.00 |         0.00 |        10.00 |        60.00
22     |         0.00 |         4.84 |         1.23 |         0.00 |         0.00 |         0.00 |         0.00 |         0.00 |       145.16 |         0.00 |       150.00
23     |         0.00 |         4.84 |         1.00 |         0.00 |         0.00 |         0.00 |         0.00 |         0.00 |        25.16 |         0.00 |        30.00
24     |         0.00 |         0.00 |        -0.00 |         1.00 |         0.00 |         0.00 |         0.00 |         0.00 |         0.00 |         0.00 |         0.00
########################################################################################################################################################################################################

SUMMARY STATISTICS:
Average H2 production efficiency: 0.08958333333333333
Average H2 usage efficiency: 0.1615732893491559
Total E_toH2: 0.0
Total E_fromH2: 706.3622890066151
Total H_storage: 1246.5897587198253
Total H_sell: 1.0
Total H_buy: 115.45884748733302
#########################################################################################
