#########################################################################################
OPTIMIZATION RESULTS:
Timestamp: 2025-01-27T02:16:29.283
Objective value: 1675.3359693939015
Solve time: 360.0529999732971 seconds
Relative gap: 0.16362425290877214

EFFICIENCY METRICS:
H2 production efficiencies by period: [0.7316960272916612, 0.95, 0.95, 0.95, 0.0, 0.95, 0.95, 0.95, 0.95, 0.95, 0.7968365296739672, 0.95, 0.95, 0.0, 0.799999436119634, 0.7941569765372987, 0.787932155352078, 0.0, 0.0, 0.95, 0.95, 0.72, 0.95, 0.95]
H2 usage efficiencies by period: [0.6, 0.3, 0.3, 0.3, 0.3, 0.3, 0.3, 0.3, 0.3, 0.45, 0.0, 0.45, 0.5, 0.3, 0.6, 0.0, 0.0, 0.3, 0.3, 0.3, 0.3, 0.3, 0.0, 0.0]

PERIOD-BY-PERIOD VALUES:

########################################################################################################################################################################################################
Period |       E_toH2 |     E_fromH2 |    H_storage |       H_sell |        H_buy |     E_charge |  E_discharge |       E_sell |        E_buy |   Renewables |       DEMAND
--------------------------------------------------------------------------------------------------------------------------------------------------------------------------------------------------------
1      |        86.10 |         0.00 |        21.00 |         0.00 |         0.00 |         0.00 |         0.00 |         0.00 |       176.10 |         0.00 |        90.00
2      |         0.00 |       100.00 |        11.00 |         0.00 |         0.00 |         0.00 |         0.00 |        10.00 |         0.00 |         0.00 |        90.00
3      |         0.00 |       100.00 |         1.00 |         0.00 |         0.00 |         0.00 |         0.00 |         0.00 |       140.00 |         0.00 |       240.00
4      |         0.00 |       100.00 |       991.00 |         0.00 |      1000.00 |         0.00 |         0.00 |         0.00 |       120.00 |        20.00 |       240.00
5      |         0.00 |       100.00 |       981.00 |         0.00 |         0.00 |         0.00 |         0.00 |         0.00 |        20.00 |        30.00 |       150.00
6      |         0.00 |       100.00 |       971.00 |         0.00 |         0.00 |         0.00 |         0.00 |         0.00 |        10.00 |        40.00 |       150.00
7      |         0.00 |       100.00 |       961.00 |         0.00 |         0.00 |         0.00 |         0.00 |         0.00 |        10.00 |        40.00 |       150.00
8      |         0.00 |       100.00 |        33.98 |       917.02 |         0.00 |         0.00 |         0.00 |         0.00 |         0.00 |        50.00 |       150.00
9      |         0.00 |       100.00 |        23.98 |         0.00 |         0.00 |         0.00 |         0.00 |        20.00 |         0.00 |        70.00 |       150.00
10     |         0.00 |        70.00 |        13.48 |         0.00 |         0.00 |         0.00 |         0.00 |         0.00 |         0.00 |        80.00 |       150.00
11     |        61.58 |         0.00 |        29.83 |         0.00 |         0.00 |         0.00 |         0.00 |         0.00 |       121.58 |        90.00 |       150.00
12     |         0.00 |        70.00 |        19.33 |         0.00 |         0.00 |         0.00 |         0.00 |         0.00 |         0.00 |        80.00 |       150.00
13     |         0.00 |        50.00 |        11.00 |         0.00 |         0.00 |         0.00 |         0.00 |         0.00 |         0.00 |       100.00 |       150.00
14     |         0.00 |       100.00 |         1.00 |         0.00 |         0.00 |         0.00 |         0.00 |        20.00 |         0.00 |        70.00 |       150.00
15     |        60.00 |         0.00 |        17.00 |         0.00 |         0.00 |         0.00 |         0.00 |         0.00 |       140.00 |        70.00 |       150.00
16     |        62.92 |         0.00 |        33.66 |         0.00 |         0.00 |         0.00 |         0.00 |         0.00 |       152.92 |        60.00 |       150.00
17     |        66.03 |         0.00 |        51.00 |         0.00 |         0.00 |         0.00 |         0.00 |         0.00 |       166.03 |        50.00 |       150.00
18     |         0.00 |       100.00 |        41.00 |         0.00 |         0.00 |         0.00 |         0.00 |         0.00 |        20.00 |        30.00 |       150.00
19     |         0.00 |       100.00 |        31.00 |         0.00 |         0.00 |         0.00 |         0.00 |        20.00 |         0.00 |        30.00 |       110.00
20     |         0.00 |       100.00 |        21.00 |         0.00 |         0.00 |         0.00 |         0.00 |        10.00 |         0.00 |        10.00 |       100.00
21     |         0.00 |       100.00 |        11.00 |         0.00 |         0.00 |         0.00 |         0.00 |        10.00 |         0.00 |        10.00 |       100.00
22     |         0.00 |       100.00 |         1.00 |         0.00 |         0.00 |         0.00 |         0.00 |         0.00 |         0.00 |         0.00 |       100.00
23     |         0.00 |         0.00 |         0.00 |         1.00 |         0.00 |         0.00 |         0.00 |         0.00 |        20.00 |         0.00 |        20.00
24     |         0.00 |         0.00 |         0.00 |         0.00 |         0.00 |         0.00 |         0.00 |         0.00 |         0.00 |         0.00 |         0.00
########################################################################################################################################################################################################

SUMMARY STATISTICS:
Average H2 production efficiency: 0.7471092135406098
Average H2 usage efficiency: 0.2833333333333333
Total E_toH2: 336.6387796475962
Total E_fromH2: 1590.0
Total H_storage: 4276.252737512749
Total H_sell: 918.0235253795338
Total H_buy: 1000.0
#########################################################################################
