#########################################################################################
OPTIMIZATION RESULTS:
Timestamp: 2025-01-27T02:16:10.563
Objective value: 2041.2762054534114
Solve time: 360.0177538394928 seconds
Relative gap: 0.10945590675040767

EFFICIENCY METRICS:
H2 production efficiencies by period: [0.95, 0.95, 0.95, 0.95, 0.95, 0.95, 0.95, 0.95, 0.95, 0.95, 0.8601333096380849, 0.95, 0.85, 0.95, 0.8079737696213022, 0.95, 0.7957373286468495, 0.7901441740613484, 0.95, 0.95, 0.95, 0.95, 0.95, 0.95]
H2 usage efficiencies by period: [0.6, 0.6, 0.3, 0.3, 0.3, 0.3, 0.3, 0.3, 0.3, 0.45, 0.6, 0.45, 0.6, 0.3, 0.0, 0.3, 0.6, 0.58, 0.3, 0.3, 0.3, 0.3, 0.6, 0.0]

PERIOD-BY-PERIOD VALUES:

########################################################################################################################################################################################################
Period |       E_toH2 |     E_fromH2 |    H_storage |       H_sell |        H_buy |     E_charge |  E_discharge |       E_sell |        E_buy |   Renewables |       DEMAND
--------------------------------------------------------------------------------------------------------------------------------------------------------------------------------------------------------
1      |        10.00 |         0.00 |         3.17 |         0.00 |         0.00 |         0.00 |         0.00 |         0.00 |       200.00 |         0.00 |       190.00
2      |        10.00 |         0.00 |         6.33 |         0.00 |         0.00 |         0.00 |         0.00 |         0.00 |       200.00 |         0.00 |       190.00
3      |         0.00 |       100.00 |        96.33 |         0.00 |       100.00 |         0.00 |         0.00 |         0.00 |        90.00 |         0.00 |       190.00
4      |         0.00 |       100.00 |        86.33 |         0.00 |         0.00 |         0.00 |         0.00 |         0.00 |        70.00 |        20.00 |       190.00
5      |         0.00 |       100.00 |        76.33 |         0.00 |         0.00 |         0.00 |         0.00 |         0.00 |        20.00 |        30.00 |       150.00
6      |         0.00 |       100.00 |        66.33 |         0.00 |         0.00 |         0.00 |         0.00 |         0.00 |        10.00 |        40.00 |       150.00
7      |         0.00 |       100.00 |        56.33 |         0.00 |         0.00 |         0.00 |         0.00 |         0.00 |        10.00 |        40.00 |       150.00
8      |         0.00 |       100.00 |        21.50 |        24.83 |         0.00 |         0.00 |         0.00 |         0.00 |         0.00 |        50.00 |       150.00
9      |         0.00 |       100.00 |        11.50 |         0.00 |         0.00 |         0.00 |         0.00 |        20.00 |         0.00 |        70.00 |       150.00
10     |         0.00 |        70.00 |         1.00 |         0.00 |         0.00 |         0.00 |         0.00 |         0.00 |         0.00 |        80.00 |       150.00
11     |        36.62 |         0.00 |        11.50 |         0.00 |         0.00 |         0.00 |         0.00 |         0.00 |        96.62 |        90.00 |       150.00
12     |         0.00 |        70.00 |         1.00 |         0.00 |         0.00 |         0.00 |         0.00 |         0.00 |         0.00 |        80.00 |       150.00
13     |        40.00 |         0.00 |        12.33 |         0.00 |         0.00 |         0.00 |         0.00 |         0.00 |         0.00 |       100.00 |        60.00
14     |         0.00 |       100.00 |         2.33 |         0.00 |         0.00 |         0.00 |         0.00 |        20.00 |         0.00 |        70.00 |       150.00
15     |        56.01 |         0.00 |        17.42 |         0.00 |         0.00 |         0.00 |         0.00 |         0.00 |       136.01 |        70.00 |       150.00
16     |         0.00 |       100.00 |         7.42 |         0.00 |         0.00 |         0.00 |         0.00 |        10.00 |         0.00 |        60.00 |       150.00
17     |        62.13 |         0.00 |        23.90 |         0.00 |         0.00 |         0.00 |         0.00 |         0.00 |       162.13 |        50.00 |       150.00
18     |        64.93 |         0.00 |        41.00 |         0.00 |         0.00 |         0.00 |         0.00 |         0.00 |       184.93 |        30.00 |       150.00
19     |         0.00 |       100.00 |        31.00 |         0.00 |         0.00 |         0.00 |         0.00 |        20.00 |         0.00 |        30.00 |       110.00
20     |         0.00 |       100.00 |        21.00 |         0.00 |         0.00 |         0.00 |         0.00 |        10.00 |         0.00 |        10.00 |       100.00
21     |         0.00 |       100.00 |        11.00 |         0.00 |         0.00 |         0.00 |         0.00 |        10.00 |         0.00 |        10.00 |       100.00
22     |         0.00 |       100.00 |         1.00 |         0.00 |         0.00 |         0.00 |         0.00 |         0.00 |         0.00 |         0.00 |       100.00
23     |         0.00 |         0.00 |         0.00 |         1.00 |         0.00 |         0.00 |         0.00 |         0.00 |        20.00 |         0.00 |        20.00
24     |         0.00 |         0.00 |         0.00 |         0.00 |         0.00 |         0.00 |         0.00 |         0.00 |         0.00 |         0.00 |         0.00
########################################################################################################################################################################################################

SUMMARY STATISTICS:
Average H2 production efficiency: 0.9230828575819826
Average H2 usage efficiency: 0.3741666666666667
Total E_toH2: 279.69486237814033
Total E_fromH2: 1440.0
Total H_storage: 606.070819234336
Total H_sell: 25.833326649705377
Total H_buy: 100.0
#########################################################################################
