#########################################################################################
OPTIMIZATION RESULTS:
Timestamp: 2025-03-25T11:52:00.631
Objective value: 1316.3501525338982
Solve time: 360.021999835968 seconds
Relative gap: 0.037696631516454374

EFFICIENCY METRICS:
H2 production efficiencies by period: [0.0, 0.0, 0.9, 0.0, 0.0, 0.0, 0.0, 0.95, 0.9, 0.0, 0.95, 0.0, 0.0, 0.0, 0.0, 0.9, 0.0, 0.0, 0.0, 0.95, 0.0, 0.0, 0.0, 0.0]
H2 usage efficiencies by period: [0.4, 0.4, 0.4, 0.4, 0.430000000000015, 0.45, 0.45, 0.4800000000000158, 0.4299999999999998, 0.45, 0.4800000000000171, 0.45, 0.5, 0.43, 0.43000000000001704, 0.4, 0.4, 0.4, 0.4299999999999998, 0.4, 0.4, 0.4, 0.4800000000000157, 0.43172620120889044]

PERIOD-BY-PERIOD VALUES:

########################################################################################################################################################################################################
Period |       E_toH2 |     E_fromH2 |    H_storage |       H_sell |        H_buy |     E_charge |  E_discharge |       E_sell |        E_buy |   Renewables |       DEMAND
--------------------------------------------------------------------------------------------------------------------------------------------------------------------------------------------------------
1      |         0.00 |        90.00 |         1.00 |         0.00 |         3.25 |         0.00 |         0.00 |         0.00 |       190.00 |         0.00 |       280.00
2      |         0.00 |        90.00 |         3.25 |         0.00 |         9.00 |         0.00 |         0.00 |         0.00 |       190.00 |         0.00 |       280.00
3      |         0.00 |        90.00 |         5.50 |         0.00 |         9.00 |         0.00 |         0.00 |         0.00 |        60.00 |         0.00 |       150.00
4      |         0.00 |        90.00 |         7.75 |         0.00 |         9.00 |         0.00 |         0.00 |         0.00 |        40.00 |        20.00 |       150.00
5      |         0.00 |        80.00 |         9.00 |         0.00 |         6.83 |         0.00 |         0.00 |         0.00 |         0.00 |        30.00 |       110.00
6      |         0.00 |        70.00 |         9.00 |         0.00 |         4.67 |         0.00 |         0.00 |         0.00 |         0.00 |        40.00 |       110.00
7      |         0.00 |        70.00 |         9.00 |         0.00 |         4.67 |         0.00 |         0.00 |         0.00 |         0.00 |        40.00 |       110.00
8      |         0.00 |        60.00 |         5.25 |         0.00 |         0.00 |         0.00 |         0.00 |         0.00 |         0.00 |        50.00 |       110.00
9      |         0.00 |        80.00 |         1.00 |         0.00 |         1.33 |         0.00 |         0.00 |         0.00 |         0.00 |        70.00 |       150.00
10     |         0.00 |        70.00 |         3.75 |         0.00 |         7.42 |         0.00 |         0.00 |         0.00 |         0.00 |        80.00 |       150.00
11     |         0.00 |        60.00 |         9.00 |         0.00 |         9.00 |         0.00 |         0.00 |         0.00 |         0.00 |        90.00 |       150.00
12     |         0.00 |        70.00 |         4.33 |         0.00 |         0.00 |         0.00 |         0.00 |         0.00 |         0.00 |        80.00 |       150.00
13     |         0.00 |        50.00 |         1.33 |         0.00 |         0.00 |         0.00 |         0.00 |         0.00 |         0.00 |       100.00 |       150.00
14     |         0.00 |        80.00 |         1.08 |         0.00 |         5.33 |         0.00 |         0.00 |         0.00 |         0.00 |        70.00 |       150.00
15     |         0.00 |        80.00 |         4.50 |         0.00 |         9.00 |         0.00 |         0.00 |         0.00 |         0.00 |        70.00 |       150.00
16     |         0.00 |        90.00 |         6.75 |         0.00 |         9.00 |         0.00 |         0.00 |         0.00 |         0.00 |        60.00 |       150.00
17     |         0.00 |        90.00 |         9.00 |         0.00 |         9.00 |         0.00 |         0.00 |         0.00 |        10.00 |        50.00 |       150.00
18     |         0.00 |        90.00 |         9.00 |         0.00 |         6.75 |         0.00 |         0.00 |         0.00 |        30.00 |        30.00 |       150.00
19     |         0.00 |        80.00 |         3.42 |         0.00 |         0.00 |         0.00 |         0.00 |         0.00 |         0.00 |        30.00 |       110.00
20     |         0.00 |        90.00 |         1.00 |         0.00 |         4.33 |         0.00 |         0.00 |         0.00 |         0.00 |        10.00 |       100.00
21     |         0.00 |        90.00 |         1.00 |         0.00 |         6.75 |         0.00 |         0.00 |         0.00 |         0.00 |        10.00 |       100.00
22     |         0.00 |        90.00 |         1.00 |         0.00 |         6.75 |         0.00 |         0.00 |         0.00 |        10.00 |         0.00 |       100.00
23     |         0.00 |        60.00 |         1.00 |         0.00 |         3.75 |         0.00 |         0.00 |        40.00 |         0.00 |         0.00 |        20.00
24     |         0.00 |        79.14 |         4.50 |         0.00 |         9.00 |         0.00 |         0.00 |        79.14 |         0.00 |         0.00 |         0.00
########################################################################################################################################################################################################

SUMMARY STATISTICS:
Average H2 production efficiency: 0.23124999999999998
Average H2 usage efficiency: 0.4300719250503739
Total E_toH2: 0.0
Total E_fromH2: 1889.1368993955548
Total H_storage: 111.41666522500005
Total H_sell: 0.0
Total H_buy: 133.82364966821808
#########################################################################################
