#########################################################################################
OPTIMIZATION RESULTS:
Timestamp: 2025-03-27T12:59:37.617
Objective value: 3825.021845500755
Solve time: 360.0750000476837 seconds
Relative gap: 0.29664815907585707

EFFICIENCY METRICS:
H2 production efficiencies by period: [0.95, 0.95, 0.95, 0.8800000000000139, 0.95, 0.95, 0.0, 0.0, 0.95, 0.0, 0.7875000000000358, 0.0, 0.95, 0.0, 0.8704444444444425, 0.86568962428138, 0.8625434164902516, 0.8605712478477099, 0.0, 0.0, 0.0, 0.8617485202294225, 0.8606938384491802, 0.8540191078723522]
H2 usage efficiencies by period: [0.6, 0.0, 0.6, 0.6, 0.20287851020088085, 0.2029310005563172, 0.30424259066258835, 0.40556909116165313, 0.5200000000000138, 0.55, 0.6, 0.5317060828665471, 0.3048068752790174, 0.3052770424630693, 0.0, 0.0, 0.0, 0.6, 0.55, 0.3503689878814133, 0.5716959412495957, 0.6, 0.0, 0.6]

PERIOD-BY-PERIOD VALUES:

########################################################################################################################################################################################################
Period |       E_toH2 |     E_fromH2 |    H_storage |       H_sell |        H_buy |     E_charge |  E_discharge |       E_sell |        E_buy |   Renewables |       DEMAND
--------------------------------------------------------------------------------------------------------------------------------------------------------------------------------------------------------
1      |        10.00 |         0.00 |         4.79 |         0.00 |         0.00 |         0.00 |         0.00 |         0.00 |       200.00 |         0.00 |       190.00
2      |        10.00 |         0.00 |         5.07 |         0.00 |         0.00 |         0.00 |         0.00 |         0.00 |       200.00 |         0.00 |       190.00
3      |        10.00 |         0.00 |         5.36 |         0.00 |         0.00 |         0.00 |         0.00 |         0.00 |       200.00 |         0.00 |       190.00
4      |        30.00 |         0.00 |         6.15 |         0.00 |         0.00 |         0.00 |         0.00 |         0.00 |       200.00 |        20.00 |       190.00
5      |         0.00 |         3.38 |         6.09 |         0.00 |         0.00 |         0.00 |         0.00 |         0.00 |       116.62 |        30.00 |       150.00
6      |         0.00 |         3.38 |         6.03 |         0.00 |         0.00 |         0.00 |         0.00 |         0.00 |       106.62 |        40.00 |       150.00
7      |         0.00 |         5.07 |         5.90 |         0.00 |         0.00 |         0.00 |         0.00 |         0.00 |       104.93 |        40.00 |       150.00
8      |         0.00 |         6.76 |         5.68 |         0.00 |         0.00 |         0.00 |         0.00 |         0.00 |         3.24 |        50.00 |        60.00
9      |         0.00 |        40.00 |         3.37 |         0.00 |         0.00 |         0.00 |         0.00 |         0.00 |         0.00 |        70.00 |       110.00
10     |         0.00 |        30.00 |         1.73 |         0.00 |         0.00 |         0.00 |         0.00 |         0.00 |         0.00 |        80.00 |       110.00
11     |        66.25 |         0.00 |         3.30 |         0.00 |         0.00 |         0.00 |         0.00 |         0.00 |       126.25 |        90.00 |       150.00
12     |         0.00 |        36.10 |         1.26 |         0.00 |         0.00 |         0.00 |         0.00 |         0.00 |        33.90 |        80.00 |       150.00
13     |         0.00 |         5.08 |         1.13 |         0.00 |         0.00 |         0.00 |         0.00 |         0.00 |        44.92 |       100.00 |       150.00
14     |         0.00 |         5.09 |         1.00 |         0.00 |         0.00 |         0.00 |         0.00 |         0.00 |        74.91 |        70.00 |       150.00
15     |        33.19 |         0.00 |         1.87 |         0.00 |         0.00 |         0.00 |         0.00 |         0.00 |       113.19 |        70.00 |       150.00
16     |        34.77 |         0.00 |         2.77 |         0.00 |         0.00 |         0.00 |         0.00 |         0.00 |       124.77 |        60.00 |       150.00
17     |        35.82 |         0.00 |         3.70 |         0.00 |         0.00 |         0.00 |         0.00 |         0.00 |       135.82 |        50.00 |       150.00
18     |        36.48 |         0.00 |         4.64 |         0.00 |         0.00 |         0.00 |         0.00 |         0.00 |       156.48 |        30.00 |       150.00
19     |         0.00 |        30.00 |         3.00 |         0.00 |         0.00 |         0.00 |         0.00 |         0.00 |         0.00 |        30.00 |        60.00
20     |         0.00 |         5.84 |         2.83 |         0.00 |         0.00 |         0.00 |         0.00 |         0.00 |       134.16 |        10.00 |       150.00
21     |         0.00 |        22.77 |         1.64 |         0.00 |         0.00 |         0.00 |         0.00 |         0.00 |       117.23 |        10.00 |       150.00
22     |        36.08 |         0.00 |         2.57 |         0.00 |         0.00 |         0.00 |         0.00 |         0.00 |       186.08 |         0.00 |       150.00
23     |        36.44 |         0.00 |         3.51 |         0.00 |         0.00 |         0.00 |         0.00 |         0.00 |        66.44 |         0.00 |        30.00
24     |        38.66 |         0.00 |         4.50 |         0.00 |         0.00 |         0.00 |         0.00 |         0.00 |        38.66 |         0.00 |         0.00
########################################################################################################################################################################################################

SUMMARY STATISTICS:
Average H2 production efficiency: 0.5980504249839494
Average H2 usage efficiency: 0.37497817176337894
Total E_toH2: 377.6799334630051
Total E_fromH2: 193.46722693136695
Total H_storage: 87.86120078263028
Total H_sell: 0.0
Total H_buy: 0.0
#########################################################################################
