#########################################################################################
OPTIMIZATION RESULTS:
Timestamp: 2025-03-27T13:49:50.475
Objective value: 3824.9996487673484
Solve time: 360.095999956131 seconds
Relative gap: 0.2942017880541841

EFFICIENCY METRICS:
H2 production efficiencies by period: [0.95, 0.95, 0.95, 0.88, 0.0, 0.9, 0.0, 0.0, 0.0, 0.9, 0.7874999999999992, 0.95, 0.0, 0.0, 0.8704444444444444, 0.8656896242813628, 0.8613280926554989, 0.8605712497123685, 0.0, 0.0, 0.0, 0.8578952891485114, 0.8619111240560831, 0.8606066919772792]
H2 usage efficiencies by period: [0.0, 0.6, 0.6, 0.6, 0.20287851020093384, 0.20293100055616953, 0.3047198113073294, 0.40592647574119295, 0.520000000000003, 0.55, 0.0, 0.5317060828665676, 0.30452892079063737, 0.304602665939585, 0.6, 0.0, 0.6, 0.0, 0.55, 0.3503689878814335, 0.5727242963517796, 0.0, 0.0, 0.6]

PERIOD-BY-PERIOD VALUES:

########################################################################################################################################################################################################
Period |       E_toH2 |     E_fromH2 |    H_storage |       H_sell |        H_buy |     E_charge |  E_discharge |       E_sell |        E_buy |   Renewables |       DEMAND
--------------------------------------------------------------------------------------------------------------------------------------------------------------------------------------------------------
1      |        10.00 |         0.00 |         4.79 |         0.00 |         0.00 |         0.00 |         0.00 |         0.00 |       200.00 |         0.00 |       190.00
2      |        10.00 |         0.00 |         5.07 |         0.00 |         0.00 |         0.00 |         0.00 |         0.00 |       200.00 |         0.00 |       190.00
3      |        10.00 |         0.00 |         5.36 |         0.00 |         0.00 |         0.00 |         0.00 |         0.00 |       200.00 |         0.00 |       190.00
4      |        30.00 |         0.00 |         6.15 |         0.00 |         0.00 |         0.00 |         0.00 |         0.00 |       200.00 |        20.00 |       190.00
5      |         0.00 |         3.38 |         6.09 |         0.00 |         0.00 |         0.00 |         0.00 |         0.00 |       116.62 |        30.00 |       150.00
6      |         0.00 |         3.38 |         6.03 |         0.00 |         0.00 |         0.00 |         0.00 |         0.00 |       106.62 |        40.00 |       150.00
7      |         0.00 |         5.08 |         5.90 |         0.00 |         0.00 |         0.00 |         0.00 |         0.00 |       104.92 |        40.00 |       150.00
8      |         0.00 |         6.77 |         5.67 |         0.00 |         0.00 |         0.00 |         0.00 |         0.00 |         3.23 |        50.00 |        60.00
9      |         0.00 |        40.00 |         3.37 |         0.00 |         0.00 |         0.00 |         0.00 |         0.00 |         0.00 |        70.00 |       110.00
10     |         0.00 |        30.00 |         1.73 |         0.00 |         0.00 |         0.00 |         0.00 |         0.00 |         0.00 |        80.00 |       110.00
11     |        66.25 |         0.00 |         3.30 |         0.00 |         0.00 |         0.00 |         0.00 |         0.00 |       126.25 |        90.00 |       150.00
12     |         0.00 |        36.10 |         1.26 |         0.00 |         0.00 |         0.00 |         0.00 |         0.00 |        33.90 |        80.00 |       150.00
13     |         0.00 |         5.08 |         1.13 |         0.00 |         0.00 |         0.00 |         0.00 |         0.00 |        44.92 |       100.00 |       150.00
14     |         0.00 |         5.08 |         1.00 |         0.00 |         0.00 |         0.00 |         0.00 |         0.00 |        74.92 |        70.00 |       150.00
15     |        33.19 |         0.00 |         1.87 |         0.00 |         0.00 |         0.00 |         0.00 |         0.00 |       113.19 |        70.00 |       150.00
16     |        34.77 |         0.00 |         2.77 |         0.00 |         0.00 |         0.00 |         0.00 |         0.00 |       124.77 |        60.00 |       150.00
17     |        36.22 |         0.00 |         3.71 |         0.00 |         0.00 |         0.00 |         0.00 |         0.00 |       136.22 |        50.00 |       150.00
18     |        36.48 |         0.00 |         4.65 |         0.00 |         0.00 |         0.00 |         0.00 |         0.00 |       156.48 |        30.00 |       150.00
19     |         0.00 |        30.00 |         3.01 |         0.00 |         0.00 |         0.00 |         0.00 |         0.00 |         0.00 |        30.00 |        60.00
20     |         0.00 |         5.84 |         2.84 |         0.00 |         0.00 |         0.00 |         0.00 |         0.00 |       134.16 |        10.00 |       150.00
21     |         0.00 |        22.43 |         1.67 |         0.00 |         0.00 |         0.00 |         0.00 |         0.00 |       117.57 |        10.00 |       150.00
22     |        37.37 |         0.00 |         2.63 |         0.00 |         0.00 |         0.00 |         0.00 |         0.00 |       187.37 |         0.00 |       150.00
23     |        36.03 |         0.00 |         3.56 |         0.00 |         0.00 |         0.00 |         0.00 |         0.00 |        66.03 |         0.00 |        30.00
24     |        36.46 |         0.00 |         4.50 |         0.00 |         0.00 |         0.00 |         0.00 |         0.00 |        36.46 |         0.00 |         0.00
########################################################################################################################################################################################################

SUMMARY STATISTICS:
Average H2 production efficiency: 0.5544144381781478
Average H2 usage efficiency: 0.35001611465148463
Total E_toH2: 376.76782790814684
Total E_fromH2: 193.12247980083802
Total H_storage: 88.02943726843257
Total H_sell: 0.0
Total H_buy: 0.0
#########################################################################################
