#########################################################################################
OPTIMIZATION RESULTS:
Timestamp: 2025-03-25T11:40:39.158
Objective value: 3680.0
Solve time: 2.120000123977661 seconds
Relative gap: 0.0

EFFICIENCY METRICS:
H2 production efficiencies by period: [0.0, 0.0, 0.0, 0.0, 0.0, 0.0, 0.0, 0.0, 0.0, 0.0, 0.0, 0.0, 0.0, 0.0, 0.0, 0.0, 0.0, 0.0, 0.0, 0.0, 0.0, 0.0, 0.0, 0.0]
H2 usage efficiencies by period: [0.0, 0.0, 0.0, 0.0, 0.0, 0.0, 0.0, 0.0, 0.0, 0.0, 0.0, 0.0, 0.0, 0.0, 0.0, 0.0, 0.0, 0.0, 0.0, 0.0, 0.0, 0.0, 0.0, 0.0]

PERIOD-BY-PERIOD VALUES:

########################################################################################################################################################################################################
Period |       E_toH2 |     E_fromH2 |    H_storage |       H_sell |        H_buy |     E_charge |  E_discharge |       E_sell |        E_buy |   Renewables |       DEMAND
--------------------------------------------------------------------------------------------------------------------------------------------------------------------------------------------------------
1      |         0.00 |         0.00 |         0.00 |         0.00 |         0.00 |        10.00 |         0.00 |         0.00 |       200.00 |         0.00 |       190.00
2      |         0.00 |         0.00 |         0.00 |         0.00 |         0.00 |        10.00 |         0.00 |         0.00 |       200.00 |         0.00 |       190.00
3      |         0.00 |         0.00 |         0.00 |         0.00 |         0.00 |        10.00 |         0.00 |         0.00 |       200.00 |         0.00 |       190.00
4      |         0.00 |         0.00 |         0.00 |         0.00 |         0.00 |        30.00 |         0.00 |         0.00 |       200.00 |        20.00 |       190.00
5      |         0.00 |         0.00 |         0.00 |         0.00 |         0.00 |         0.00 |         0.00 |         0.00 |       120.00 |        30.00 |       150.00
6      |         0.00 |         0.00 |         0.00 |         0.00 |         0.00 |         0.00 |         0.00 |         0.00 |       110.00 |        40.00 |       150.00
7      |         0.00 |         0.00 |         0.00 |         0.00 |         0.00 |         0.00 |         0.00 |         0.00 |        20.00 |        40.00 |        60.00
8      |         0.00 |         0.00 |         0.00 |         0.00 |         0.00 |         0.00 |        10.00 |         0.00 |         0.00 |        50.00 |        60.00
9      |         0.00 |         0.00 |         0.00 |         0.00 |         0.00 |        10.00 |         0.00 |         0.00 |         0.00 |        70.00 |        60.00
10     |         0.00 |         0.00 |         0.00 |         0.00 |         0.00 |         0.00 |        70.00 |         0.00 |         0.00 |        80.00 |       150.00
11     |         0.00 |         0.00 |         0.00 |         0.00 |         0.00 |       100.00 |         0.00 |         0.00 |       160.00 |        90.00 |       150.00
12     |         0.00 |         0.00 |         0.00 |         0.00 |         0.00 |         0.00 |        70.00 |         0.00 |         0.00 |        80.00 |       150.00
13     |         0.00 |         0.00 |         0.00 |         0.00 |         0.00 |         0.00 |         0.00 |         0.00 |        50.00 |       100.00 |       150.00
14     |         0.00 |         0.00 |         0.00 |         0.00 |         0.00 |         0.00 |        70.00 |         0.00 |        10.00 |        70.00 |       150.00
15     |         0.00 |         0.00 |         0.00 |         0.00 |         0.00 |       100.00 |         0.00 |         0.00 |       180.00 |        70.00 |       150.00
16     |         0.00 |         0.00 |         0.00 |         0.00 |         0.00 |       100.00 |         0.00 |         0.00 |       190.00 |        60.00 |       150.00
17     |         0.00 |         0.00 |         0.00 |         0.00 |         0.00 |       100.00 |         0.00 |         0.00 |       200.00 |        50.00 |       150.00
18     |         0.00 |         0.00 |         0.00 |         0.00 |         0.00 |         0.00 |         0.00 |         0.00 |       120.00 |        30.00 |       150.00
19     |         0.00 |         0.00 |         0.00 |         0.00 |         0.00 |         0.00 |       100.00 |         0.00 |        20.00 |        30.00 |       150.00
20     |         0.00 |         0.00 |         0.00 |         0.00 |         0.00 |         0.00 |       100.00 |         0.00 |        40.00 |        10.00 |       150.00
21     |         0.00 |         0.00 |         0.00 |         0.00 |         0.00 |         0.00 |       100.00 |         0.00 |        40.00 |        10.00 |       150.00
22     |         0.00 |         0.00 |         0.00 |         0.00 |         0.00 |        50.00 |         0.00 |         0.00 |       200.00 |         0.00 |       150.00
23     |         0.00 |         0.00 |         0.00 |         0.00 |         0.00 |         0.00 |         0.00 |         0.00 |        30.00 |         0.00 |        30.00
24     |         0.00 |         0.00 |         0.00 |         0.00 |         0.00 |         0.00 |         0.00 |         0.00 |         0.00 |         0.00 |         0.00
########################################################################################################################################################################################################

SUMMARY STATISTICS:
Average H2 production efficiency: 0.0
Average H2 usage efficiency: 0.0
Total E_toH2: 0.0
Total E_fromH2: 0.0
Total H_storage: 0.0
Total H_sell: 0.0
Total H_buy: 0.0
#########################################################################################
