#########################################################################################
OPTIMIZATION RESULTS:
Timestamp: 2025-01-27T05:37:15.608
Objective value: 1227.1322739571817
Solve time: 360.07400012016296 seconds
Relative gap: 0.16845807172440022

EFFICIENCY METRICS:
H2 production efficiencies by period: [0.8404305164133402, 0.0, 0.0, 0.0, 0.95, 0.0, 0.95, 0.7199999999999998, 0.0, 0.0, 0.8404305205054452, 0.9, 0.8, 0.7, 0.0, 0.95, 0.0, 0.0, 0.0, 0.95, 0.0, 0.9, 0.95, 0.0]
H2 usage efficiencies by period: [0.0, 0.3, 0.3, 0.3, 0.3, 0.2999999552155078, 0.3, 0.3, 0.3, 0.45, 0.0, 0.6, 0.49999989122685706, 0.2999998677684654, 0.3, 0.3, 0.3, 0.3, 0.3, 0.3, 0.3, 0.3, 0.2663085937500033, 0.0]

PERIOD-BY-PERIOD VALUES:

########################################################################################################################################################################################################
Period |       E_toH2 |     E_fromH2 |    H_storage |       H_sell |        H_buy |     E_charge |  E_discharge |       E_sell |        E_buy |   Renewables |       DEMAND
--------------------------------------------------------------------------------------------------------------------------------------------------------------------------------------------------------
1      |        43.19 |         0.00 |        12.10 |         0.00 |         0.00 |         0.00 |         0.00 |         0.00 |       133.19 |         0.00 |        90.00
2      |         0.00 |       100.00 |         2.10 |         0.00 |         0.00 |         0.00 |         0.00 |         0.00 |       180.00 |         0.00 |       280.00
3      |         0.00 |       100.00 |       992.10 |         0.00 |      1000.00 |         0.00 |         0.00 |         0.00 |       140.00 |         0.00 |       240.00
4      |         0.00 |       100.00 |       982.10 |         0.00 |         0.00 |         0.00 |         0.00 |         0.00 |        30.00 |        20.00 |       150.00
5      |         0.00 |       100.00 |       972.10 |         0.00 |         0.00 |         0.00 |         0.00 |         0.00 |        20.00 |        30.00 |       150.00
6      |         0.00 |       100.00 |       962.10 |         0.00 |         0.00 |         0.00 |         0.00 |         0.00 |        10.00 |        40.00 |       150.00
7      |         0.00 |       100.00 |       952.10 |         0.00 |         0.00 |         0.00 |         0.00 |         0.00 |        10.00 |        40.00 |       150.00
8      |         0.00 |       100.00 |       103.59 |       838.50 |         0.00 |         0.00 |         0.00 |         0.00 |         0.00 |        50.00 |       150.00
9      |         0.00 |       100.00 |        93.59 |         0.00 |         0.00 |         0.00 |         0.00 |        20.00 |         0.00 |        70.00 |       150.00
10     |         0.00 |        70.00 |        83.09 |         0.00 |         0.00 |         0.00 |         0.00 |         0.00 |         0.00 |        80.00 |       150.00
11     |        43.19 |         0.00 |        95.19 |         0.00 |         0.00 |         0.00 |         0.00 |         0.00 |       103.19 |        90.00 |       150.00
12     |        20.00 |         0.00 |       101.19 |         0.00 |         0.00 |         0.00 |         0.00 |         0.00 |         0.00 |        80.00 |        60.00
13     |         0.00 |        50.00 |        92.86 |         0.00 |         0.00 |         0.00 |         0.00 |         0.00 |         0.00 |       100.00 |       150.00
14     |         0.00 |       100.00 |        82.86 |         0.00 |         0.00 |         0.00 |         0.00 |        20.00 |         0.00 |        70.00 |       150.00
15     |         0.00 |       100.00 |        72.86 |         0.00 |         0.00 |         0.00 |         0.00 |        20.00 |         0.00 |        70.00 |       150.00
16     |         0.00 |       100.00 |        62.86 |         0.00 |         0.00 |         0.00 |         0.00 |        10.00 |         0.00 |        60.00 |       150.00
17     |         0.00 |       100.00 |        52.86 |         0.00 |         0.00 |         0.00 |         0.00 |         0.00 |         0.00 |        50.00 |       150.00
18     |         0.00 |       100.00 |        42.86 |         0.00 |         0.00 |         0.00 |         0.00 |         0.00 |        20.00 |        30.00 |       150.00
19     |         0.00 |       100.00 |        31.39 |         1.47 |         0.00 |         0.00 |         0.00 |        20.00 |         0.00 |        30.00 |       110.00
20     |         0.00 |       100.00 |        21.39 |         0.00 |         0.00 |         0.00 |         0.00 |        10.00 |         0.00 |        10.00 |       100.00
21     |         0.00 |       100.00 |        11.39 |         0.00 |         0.00 |         0.00 |         0.00 |        10.00 |         0.00 |        10.00 |       100.00
22     |         0.00 |       100.00 |         1.39 |         0.00 |         0.00 |         0.00 |         0.00 |         0.00 |         0.00 |         0.00 |       100.00
23     |         0.00 |         4.44 |         1.00 |         0.00 |         0.00 |         0.00 |         0.00 |         0.00 |        15.56 |         0.00 |        20.00
24     |         0.00 |         0.00 |         0.00 |         1.00 |         0.00 |         0.00 |         0.00 |         0.00 |         0.00 |         0.00 |         0.00
########################################################################################################################################################################################################

SUMMARY STATISTICS:
Average H2 production efficiency: 0.43545254320494936
Average H2 usage efficiency: 0.2881795128317014
Total E_toH2: 106.37965434710337
Total E_fromH2: 1824.4384731078553
Total H_storage: 5825.107440003814
Total H_sell: 840.9713724713449
Total H_buy: 1000.0
#########################################################################################
