#########################################################################################
OPTIMIZATION RESULTS:
Timestamp: 2025-01-26T22:02:52.809
Objective value: 2616.189410115378
Solve time: 360.04299998283386 seconds
Relative gap: 0.22910337031897124

EFFICIENCY METRICS:
H2 production efficiencies by period: [0.95, 0.95, 0.95, 0.7799999999999998, 0.95, 0.0, 0.95, 0.9, 0.0, 0.95, 0.7, 0.9, 0.95, 0.9498412963581642, 0.8027924676179017, 0.8027167968751926, 0.802716796875128, 0.78, 0.9, 0.0, 0.0, 0.802754965484695, 0.8027390851275576, 0.8027167228003221]
H2 usage efficiencies by period: [0.6, 0.0, 0.0, 0.0, 0.3, 0.3, 0.3, 0.3, 0.3, 0.3, 0.0, 0.3, 0.5, 0.4299999999999998, 0.6, 0.0, 0.6, 0.6, 0.3, 0.3, 0.3, 0.0, 0.45, 0.0]

PERIOD-BY-PERIOD VALUES:

########################################################################################################################################################################################################
Period |       E_toH2 |     E_fromH2 |    H_storage |       H_sell |        H_buy |     E_charge |  E_discharge |       E_sell |        E_buy |   Renewables |       DEMAND
--------------------------------------------------------------------------------------------------------------------------------------------------------------------------------------------------------
1      |        10.00 |         0.00 |         0.00 |         3.17 |         0.00 |         0.00 |         0.00 |         0.00 |       200.00 |         0.00 |       190.00
2      |        10.00 |         0.00 |         0.00 |         3.17 |         0.00 |         0.00 |         0.00 |         0.00 |       200.00 |         0.00 |       190.00
3      |        10.00 |         0.00 |         2.80 |         0.37 |         0.00 |         0.00 |         0.00 |         0.00 |       200.00 |         0.00 |       190.00
4      |        70.00 |         0.00 |        21.00 |         0.00 |         0.00 |         0.00 |         0.00 |         0.00 |       150.00 |        20.00 |       100.00
5      |         0.00 |       100.00 |        11.00 |         0.00 |         0.00 |         0.00 |         0.00 |         0.00 |        20.00 |        30.00 |       150.00
6      |         0.00 |       100.00 |         1.00 |         0.00 |         0.00 |         0.00 |         0.00 |         0.00 |        10.00 |        40.00 |       150.00
7      |         0.00 |       100.00 |        91.00 |         0.00 |       100.00 |         0.00 |         0.00 |         0.00 |        10.00 |        40.00 |       150.00
8      |         0.00 |       100.00 |        27.47 |        53.53 |         0.00 |         0.00 |         0.00 |         0.00 |         0.00 |        50.00 |       150.00
9      |         0.00 |       100.00 |        17.47 |         0.00 |         0.00 |         0.00 |         0.00 |        20.00 |         0.00 |        70.00 |       150.00
10     |         0.00 |       100.00 |         7.47 |         0.00 |         0.00 |         0.00 |         0.00 |        30.00 |         0.00 |        80.00 |       150.00
11     |       100.00 |         0.00 |        30.80 |         0.00 |         0.00 |         0.00 |         0.00 |         0.00 |       160.00 |        90.00 |       150.00
12     |         0.00 |       100.00 |        20.80 |         0.00 |         0.00 |         0.00 |         0.00 |        30.00 |         0.00 |        80.00 |       150.00
13     |         0.00 |        50.00 |        12.47 |         0.00 |         0.00 |         0.00 |         0.00 |         0.00 |         0.00 |       100.00 |       150.00
14     |         0.00 |        80.00 |         1.00 |         0.00 |         0.00 |         0.00 |         0.00 |         0.00 |         0.00 |        70.00 |       150.00
15     |        58.60 |         0.00 |         0.00 |        16.68 |         0.00 |         0.00 |         0.00 |         0.00 |       138.60 |        70.00 |       150.00
16     |        58.64 |         0.00 |         0.00 |        15.69 |         0.00 |         0.00 |         0.00 |         0.00 |       148.64 |        60.00 |       150.00
17     |        58.64 |         0.00 |        12.80 |         2.89 |         0.00 |         0.00 |         0.00 |         0.00 |       158.64 |        50.00 |       150.00
18     |        70.00 |         0.00 |        31.00 |         0.00 |         0.00 |         0.00 |         0.00 |         0.00 |       190.00 |        30.00 |       150.00
19     |         0.00 |       100.00 |        21.00 |         0.00 |         0.00 |         0.00 |         0.00 |        20.00 |         0.00 |        30.00 |       110.00
20     |         0.00 |       100.00 |        11.00 |         0.00 |         0.00 |         0.00 |         0.00 |        10.00 |         0.00 |        10.00 |       100.00
21     |         0.00 |       100.00 |         1.00 |         0.00 |         0.00 |         0.00 |         0.00 |        10.00 |         0.00 |        10.00 |       100.00
22     |        58.62 |         0.00 |         0.00 |        16.69 |         0.00 |         0.00 |         0.00 |         0.00 |       158.62 |         0.00 |       100.00
23     |        58.63 |         0.00 |         0.00 |        15.69 |         0.00 |         0.00 |         0.00 |         0.00 |        78.63 |         0.00 |        20.00
24     |        58.64 |         0.00 |         0.00 |        15.69 |         0.00 |         0.00 |         0.00 |         0.00 |        58.64 |         0.00 |         0.00
########################################################################################################################################################################################################

SUMMARY STATISTICS:
Average H2 production efficiency: 0.7240115887974569
Average H2 usage efficiency: 0.2825
Total E_toH2: 621.7815826096015
Total E_fromH2: 1130.0
Total H_storage: 321.06666666666666
Total H_sell: 143.56298878661582
Total H_buy: 100.0
#########################################################################################
