#########################################################################################
OPTIMIZATION RESULTS:
Timestamp: 2025-01-27T01:08:35.161
Objective value: 2895.958386891911
Solve time: 360.07499980926514 seconds
Relative gap: 0.21824590924246592

EFFICIENCY METRICS:
H2 production efficiencies by period: [0.95, 0.95, 0.95, 0.8800000000000004, 0.0, 0.7557102535530345, 0.95, 0.95, 0.8199999999999962, 0.95, 0.7925657853007753, 0.0, 0.95, 0.95, 0.8027286729586426, 0.8027582447616166, 0.8027277174476106, 0.75, 0.0, 0.95, 0.95, 0.8272674264968712, 0.8027427059337274, 0.8027167228003221]
H2 usage efficiencies by period: [0.6, 0.6, 0.0, 0.6, 0.3, 0.6, 0.3, 0.3, 0.6, 0.3, 0.0, 0.3, 0.6, 0.3, 0.6, 0.6, 0.6, 0.6, 0.3, 0.3, 0.6, 0.0, 0.0, 0.0]

PERIOD-BY-PERIOD VALUES:

########################################################################################################################################################################################################
Period |       E_toH2 |     E_fromH2 |    H_storage |       H_sell |        H_buy |     E_charge |  E_discharge |       E_sell |        E_buy |   Renewables |       DEMAND
--------------------------------------------------------------------------------------------------------------------------------------------------------------------------------------------------------
1      |        10.00 |         0.00 |         0.00 |         3.17 |         0.00 |         0.00 |         0.00 |         0.00 |       200.00 |         0.00 |       190.00
2      |        10.00 |         0.00 |         0.00 |         3.17 |         0.00 |         0.00 |         0.00 |         0.00 |       200.00 |         0.00 |       190.00
3      |        10.00 |         0.00 |         2.53 |         0.64 |         0.00 |         0.00 |         0.00 |         0.00 |       200.00 |         0.00 |       190.00
4      |        30.00 |         0.00 |        11.33 |         0.00 |         0.00 |         0.00 |         0.00 |         0.00 |       200.00 |        20.00 |       190.00
5      |         0.00 |       100.00 |         1.33 |         0.00 |         0.00 |         0.00 |         0.00 |         0.00 |        20.00 |        30.00 |       150.00
6      |        78.10 |         0.00 |        21.00 |         0.00 |         0.00 |         0.00 |         0.00 |         0.00 |       188.10 |        40.00 |       150.00
7      |         0.00 |       100.00 |        11.00 |         0.00 |         0.00 |         0.00 |         0.00 |         0.00 |        10.00 |        40.00 |       150.00
8      |         0.00 |       100.00 |         1.00 |         0.00 |         0.00 |         0.00 |         0.00 |         0.00 |         0.00 |        50.00 |       150.00
9      |        50.00 |         0.00 |        11.00 |         3.67 |         0.00 |         0.00 |         0.00 |         0.00 |         0.00 |        70.00 |        20.00
10     |         0.00 |       100.00 |         1.00 |         0.00 |         0.00 |         0.00 |         0.00 |        30.00 |         0.00 |        80.00 |       150.00
11     |        63.72 |         0.00 |        17.83 |         0.00 |         0.00 |         0.00 |         0.00 |         0.00 |       123.72 |        90.00 |       150.00
12     |         0.00 |       100.00 |         7.83 |         0.00 |         0.00 |         0.00 |         0.00 |        30.00 |         0.00 |        80.00 |       150.00
13     |        10.00 |         0.00 |        11.00 |         0.00 |         0.00 |         0.00 |         0.00 |         0.00 |        60.00 |       100.00 |       150.00
14     |         0.00 |       100.00 |         1.00 |         0.00 |         0.00 |         0.00 |         0.00 |        20.00 |         0.00 |        70.00 |       150.00
15     |        58.64 |         0.00 |         0.00 |        16.69 |         0.00 |         0.00 |         0.00 |         0.00 |       138.64 |        70.00 |       150.00
16     |        58.62 |         0.00 |         0.00 |        15.69 |         0.00 |         0.00 |         0.00 |         0.00 |       148.62 |        60.00 |       150.00
17     |        58.64 |         0.00 |         1.00 |        14.69 |         0.00 |         0.00 |         0.00 |         0.00 |       158.64 |        50.00 |       150.00
18     |        80.00 |         0.00 |        21.00 |         0.00 |         0.00 |         0.00 |         0.00 |         0.00 |       200.00 |        30.00 |       150.00
19     |         0.00 |       100.00 |        11.00 |         0.00 |         0.00 |         0.00 |         0.00 |         0.00 |        20.00 |        30.00 |       150.00
20     |         0.00 |       100.00 |         1.00 |         0.00 |         0.00 |         0.00 |         0.00 |         0.00 |         0.00 |        10.00 |       110.00
21     |         0.00 |         0.00 |         0.00 |         1.00 |         0.00 |         0.00 |         0.00 |         0.00 |        50.00 |        10.00 |        60.00
22     |        47.58 |         0.00 |         0.00 |        13.12 |         0.00 |         0.00 |         0.00 |         0.00 |       197.58 |         0.00 |       150.00
23     |        58.63 |         0.00 |         0.00 |        15.69 |         0.00 |         0.00 |         0.00 |         0.00 |        88.63 |         0.00 |        30.00
24     |        58.64 |         0.00 |        -0.00 |        15.69 |         0.00 |         0.00 |         0.00 |         0.00 |        58.64 |         0.00 |         0.00
########################################################################################################################################################################################################

SUMMARY STATISTICS:
Average H2 production efficiency: 0.7641340637188582
Average H2 usage efficiency: 0.375
Total E_toH2: 682.5542962806708
Total E_fromH2: 800.0
Total H_storage: 131.84827259580234
Total H_sell: 103.20331603556025
Total H_buy: 0.0
#########################################################################################
