#########################################################################################
OPTIMIZATION RESULTS:
Timestamp: 2025-01-27T00:17:51.869
Objective value: 4022.691763121387
Solve time: 360.0079998970032 seconds
Relative gap: 0.007185536475175515

EFFICIENCY METRICS:
H2 production efficiencies by period: [0.95, 0.95, 0.95, 0.8799999999941155, 0.95, 0.9, 0.95, 0.95, 0.95, 0.9, 0.8027418910886777, 0.95, 0.95, 0.95, 0.8027202136903343, 0.8027266717395182, 0.8027202136914602, 0.8027233982600591, 0.95, 0.95, 0.95, 0.8274254370397385, 0.8027269371859272, 0.8027167228003221]
H2 usage efficiencies by period: [0.0, 0.6, 0.0, 0.0, 0.0, 0.0, 0.0, 0.6, 0.6, 0.6, 0.0, 0.6, 0.0, 0.0, 0.0, 0.0, 0.0, 0.0, 0.6, 0.0, 0.0, 0.0, 0.0, 0.0]

PERIOD-BY-PERIOD VALUES:

########################################################################################################################################################################################################
Period |       E_toH2 |     E_fromH2 |    H_storage |       H_sell |        H_buy |     E_charge |  E_discharge |       E_sell |        E_buy |   Renewables |       DEMAND
--------------------------------------------------------------------------------------------------------------------------------------------------------------------------------------------------------
1      |        10.00 |         0.00 |         0.00 |         3.17 |         0.00 |         0.00 |         0.00 |         0.00 |       200.00 |         0.00 |       190.00
2      |        10.00 |         0.00 |         0.00 |         3.17 |         0.00 |         0.00 |         0.00 |         0.00 |       200.00 |         0.00 |       190.00
3      |        10.00 |         0.00 |         0.00 |         3.17 |         0.00 |         0.00 |         0.00 |         0.00 |       200.00 |         0.00 |       190.00
4      |        30.00 |         0.00 |         0.00 |         8.80 |         0.00 |         0.00 |         0.00 |         0.00 |       200.00 |        20.00 |       190.00
5      |         0.00 |         0.00 |         0.00 |         0.00 |         0.00 |         0.00 |         0.00 |         0.00 |       120.00 |        30.00 |       150.00
6      |         0.00 |         0.00 |         0.00 |         0.00 |         0.00 |         0.00 |         0.00 |         0.00 |       110.00 |        40.00 |       150.00
7      |         0.00 |         0.00 |         0.00 |         0.00 |         0.00 |         0.00 |         0.00 |         0.00 |       110.00 |        40.00 |       150.00
8      |         0.00 |         0.00 |         0.00 |         0.00 |         0.00 |         0.00 |         0.00 |         0.00 |       100.00 |        50.00 |       150.00
9      |        10.00 |         0.00 |         0.00 |         3.17 |         0.00 |         0.00 |         0.00 |         0.00 |         0.00 |        70.00 |        60.00
10     |        20.00 |         0.00 |         0.00 |         6.00 |         0.00 |         0.00 |         0.00 |         0.00 |         0.00 |        80.00 |        60.00
11     |        58.63 |         0.00 |         0.00 |        15.69 |         0.00 |         0.00 |         0.00 |         0.00 |       118.63 |        90.00 |       150.00
12     |         0.00 |         0.00 |         0.00 |         0.00 |         0.00 |         0.00 |         0.00 |         0.00 |        70.00 |        80.00 |       150.00
13     |         0.00 |         0.00 |         0.00 |         0.00 |         0.00 |         0.00 |         0.00 |         0.00 |        50.00 |       100.00 |       150.00
14     |         0.00 |         0.00 |         0.00 |         0.00 |         0.00 |         0.00 |         0.00 |         0.00 |        80.00 |        70.00 |       150.00
15     |        58.64 |         0.00 |         0.00 |        15.69 |         0.00 |         0.00 |         0.00 |         0.00 |       138.64 |        70.00 |       150.00
16     |        58.64 |         0.00 |         0.00 |        15.69 |         0.00 |         0.00 |         0.00 |         0.00 |       148.64 |        60.00 |       150.00
17     |        58.64 |         0.00 |         0.00 |        15.69 |         0.00 |         0.00 |         0.00 |         0.00 |       158.64 |        50.00 |       150.00
18     |        58.64 |         0.00 |         0.00 |        15.69 |         0.00 |         0.00 |         0.00 |         0.00 |       178.64 |        30.00 |       150.00
19     |         0.00 |         0.00 |         0.00 |         0.00 |         0.00 |         0.00 |         0.00 |         0.00 |        30.00 |        30.00 |        60.00
20     |         0.00 |         0.00 |         0.00 |         0.00 |         0.00 |         0.00 |         0.00 |         0.00 |       140.00 |        10.00 |       150.00
21     |         0.00 |         0.00 |         0.00 |         0.00 |         0.00 |         0.00 |         0.00 |         0.00 |       140.00 |        10.00 |       150.00
22     |        47.52 |         0.00 |         0.00 |        13.11 |         0.00 |         0.00 |         0.00 |         0.00 |       197.52 |         0.00 |       150.00
23     |        58.64 |         0.00 |         0.00 |        15.69 |         0.00 |         0.00 |         0.00 |         0.00 |        88.64 |         0.00 |        30.00
24     |        58.64 |         0.00 |         0.00 |        15.69 |         0.00 |         0.00 |         0.00 |         0.00 |        58.64 |         0.00 |         0.00
########################################################################################################################################################################################################

SUMMARY STATISTICS:
Average H2 production efficiency: 0.8948542285620896
Average H2 usage efficiency: 0.15
Total E_toH2: 547.9868447542118
Total E_fromH2: 0.0
Total H_storage: 0.0
Total H_sell: 150.40381295085996
Total H_buy: 0.0
#########################################################################################
