#########################################################################################
OPTIMIZATION RESULTS:
Timestamp: 2025-01-26T22:21:32.133
Objective value: 2596.178883850729
Solve time: 360.00795102119446 seconds
Relative gap: 0.16206278095133952

EFFICIENCY METRICS:
H2 production efficiencies by period: [0.95, 0.95, 0.95, 0.8799999999999131, 0.95, 0.95, 0.95, 0.9, 0.95, 0.95, 0.7, 0.95, 0.0, 0.95, 0.8027479634190163, 0.8027314429609473, 0.8, 0.78, 0.95, 0.72, 0.95, 0.8027208810254496, 0.8027439454123688, 0.8027380952104588]
H2 usage efficiencies by period: [0.6, 0.0, 0.0, 0.0, 0.3, 0.3, 0.3, 0.3, 0.0, 0.3, 0.0, 0.3, 0.5, 0.3, 0.0, 0.58000000000012, 0.0, 0.52, 0.3, 0.3, 0.3, 0.6, 0.6, 0.0]

PERIOD-BY-PERIOD VALUES:

########################################################################################################################################################################################################
Period |       E_toH2 |     E_fromH2 |    H_storage |       H_sell |        H_buy |     E_charge |  E_discharge |       E_sell |        E_buy |   Renewables |       DEMAND
--------------------------------------------------------------------------------------------------------------------------------------------------------------------------------------------------------
1      |        10.00 |         0.00 |         0.00 |         3.17 |         0.00 |         0.00 |         0.00 |         0.00 |       200.00 |         0.00 |       190.00
2      |        10.00 |         0.00 |         0.00 |         3.17 |         0.00 |         0.00 |         0.00 |         0.00 |       200.00 |         0.00 |       190.00
3      |        10.00 |         0.00 |         2.20 |         0.97 |         0.00 |         0.00 |         0.00 |         0.00 |       200.00 |         0.00 |       190.00
4      |        30.00 |         0.00 |        11.00 |         0.00 |         0.00 |         0.00 |         0.00 |         0.00 |       200.00 |        20.00 |       190.00
5      |         0.00 |       100.00 |         1.00 |         0.00 |         0.00 |         0.00 |         0.00 |         0.00 |        20.00 |        30.00 |       150.00
6      |         0.00 |       100.00 |        91.00 |         0.00 |       100.00 |         0.00 |         0.00 |         0.00 |        10.00 |        40.00 |       150.00
7      |         0.00 |       100.00 |        22.83 |        58.17 |         0.00 |         0.00 |         0.00 |         0.00 |        10.00 |        40.00 |       150.00
8      |         0.00 |       100.00 |        12.83 |         0.00 |         0.00 |         0.00 |         0.00 |         0.00 |         0.00 |        50.00 |       150.00
9      |        10.00 |         0.00 |        16.00 |         0.00 |         0.00 |         0.00 |         0.00 |         0.00 |         0.00 |        70.00 |        60.00
10     |         0.00 |       100.00 |         6.00 |         0.00 |         0.00 |         0.00 |         0.00 |        30.00 |         0.00 |        80.00 |       150.00
11     |       100.00 |         0.00 |        29.33 |         0.00 |         0.00 |         0.00 |         0.00 |         0.00 |       160.00 |        90.00 |       150.00
12     |         0.00 |       100.00 |        19.33 |         0.00 |         0.00 |         0.00 |         0.00 |        30.00 |         0.00 |        80.00 |       150.00
13     |         0.00 |        50.00 |        11.00 |         0.00 |         0.00 |         0.00 |         0.00 |         0.00 |         0.00 |       100.00 |       150.00
14     |         0.00 |       100.00 |         1.00 |         0.00 |         0.00 |         0.00 |         0.00 |        20.00 |         0.00 |        70.00 |       150.00
15     |        58.63 |         0.00 |         0.00 |        16.69 |         0.00 |         0.00 |         0.00 |         0.00 |       138.63 |        70.00 |       150.00
16     |        58.63 |         0.00 |         0.00 |        15.69 |         0.00 |         0.00 |         0.00 |         0.00 |       148.63 |        60.00 |       150.00
17     |        60.00 |         0.00 |        12.80 |         3.20 |         0.00 |         0.00 |         0.00 |         0.00 |       160.00 |        50.00 |       150.00
18     |        70.00 |         0.00 |        31.00 |         0.00 |         0.00 |         0.00 |         0.00 |         0.00 |       190.00 |        30.00 |       150.00
19     |         0.00 |       100.00 |        21.00 |         0.00 |         0.00 |         0.00 |         0.00 |        20.00 |         0.00 |        30.00 |       110.00
20     |         0.00 |       100.00 |        11.00 |         0.00 |         0.00 |         0.00 |         0.00 |        10.00 |         0.00 |        10.00 |       100.00
21     |         0.00 |       100.00 |         1.00 |         0.00 |         0.00 |         0.00 |         0.00 |        10.00 |         0.00 |        10.00 |       100.00
22     |        58.64 |         0.00 |         0.00 |        16.69 |         0.00 |         0.00 |         0.00 |         0.00 |       158.64 |         0.00 |       100.00
23     |        58.63 |         0.00 |         0.00 |        15.69 |         0.00 |         0.00 |         0.00 |         0.00 |        78.63 |         0.00 |        20.00
24     |        58.63 |         0.00 |         0.00 |        15.69 |         0.00 |         0.00 |         0.00 |         0.00 |        58.63 |         0.00 |         0.00
########################################################################################################################################################################################################

SUMMARY STATISTICS:
Average H2 production efficiency: 0.8414034303345064
Average H2 usage efficiency: 0.2666666666666716
Total E_toH2: 593.1591414867861
Total E_fromH2: 1050.0
Total H_storage: 300.33333333333337
Total H_sell: 149.109844735984
Total H_buy: 100.0
#########################################################################################
