#########################################################################################
OPTIMIZATION RESULTS:
Timestamp: 2025-01-27T01:08:39.909
Objective value: 3336.4718168668296
Solve time: 360.0326361656189 seconds
Relative gap: 0.21318727617205893

EFFICIENCY METRICS:
H2 production efficiencies by period: [0.95, 0.95, 0.0, 0.0, 0.9485285313805633, 0.7842366139486984, 0.85, 0.8, 0.8221251995162552, 0.95, 0.8161643384468585, 0.0, 0.95, 0.95, 0.95, 0.75, 0.7800000032436021, 0.8027367719119831, 0.7, 0.8671419780938532, 0.95, 0.8898094897277615, 0.7799706782309599, 0.8027380952104588]
H2 usage efficiencies by period: [0.6, 0.5200000000000021, 0.0, 0.3, 0.0, 0.5999089391409932, 0.3, 0.3, 0.0, 0.44999974315482405, 0.3, 0.3, 0.0, 0.0, 0.0, 0.6, 0.6, 0.0, 0.3, 0.4299999999999995, 0.3, 0.4299999999999996, 0.6, 0.0]

PERIOD-BY-PERIOD VALUES:

########################################################################################################################################################################################################
Period |       E_toH2 |     E_fromH2 |    H_storage |       H_sell |        H_buy |     E_charge |  E_discharge |       E_sell |        E_buy |   Renewables |       DEMAND
--------------------------------------------------------------------------------------------------------------------------------------------------------------------------------------------------------
1      |        10.00 |         0.00 |         0.00 |         3.17 |         0.00 |         0.00 |         0.00 |         0.00 |       200.00 |         0.00 |       190.00
2      |        10.00 |         0.00 |         0.00 |         3.17 |         0.00 |         0.00 |         0.00 |         0.00 |       200.00 |         0.00 |       190.00
3      |         0.00 |         0.00 |         0.00 |         0.00 |         0.00 |         0.00 |         0.00 |         0.00 |       190.00 |         0.00 |       190.00
4      |         0.00 |         0.00 |         0.00 |         0.00 |         0.00 |         0.00 |         0.00 |         0.00 |       170.00 |        20.00 |       190.00
5      |        10.29 |         0.00 |         3.25 |         0.00 |         0.00 |         0.00 |         0.00 |         0.00 |       130.29 |        30.00 |       150.00
6      |        67.88 |         0.00 |        21.00 |         0.00 |         0.00 |         0.00 |         0.00 |         0.00 |       177.88 |        40.00 |       150.00
7      |         0.00 |       100.00 |        11.00 |         0.00 |         0.00 |         0.00 |         0.00 |         0.00 |        10.00 |        40.00 |       150.00
8      |         0.00 |       100.00 |         1.00 |         0.00 |         0.00 |         0.00 |         0.00 |         0.00 |         0.00 |        50.00 |       150.00
9      |        49.29 |         0.00 |        11.50 |         3.01 |         0.00 |         0.00 |         0.00 |         0.71 |         0.00 |        70.00 |        20.00
10     |         0.00 |        70.00 |         1.00 |         0.00 |         0.00 |         0.00 |         0.00 |         0.00 |         0.00 |        80.00 |       150.00
11     |        51.92 |         0.00 |        11.00 |         4.12 |         0.00 |         0.00 |         0.00 |         0.00 |       111.92 |        90.00 |       150.00
12     |         0.00 |       100.00 |         1.00 |         0.00 |         0.00 |         0.00 |         0.00 |        30.00 |         0.00 |        80.00 |       150.00
13     |         0.00 |         0.00 |         0.00 |         1.00 |         0.00 |         0.00 |         0.00 |         0.00 |        50.00 |       100.00 |       150.00
14     |         0.00 |         0.00 |         0.00 |         0.00 |         0.00 |         0.00 |         0.00 |         0.00 |        80.00 |        70.00 |       150.00
15     |        10.00 |         0.00 |         0.00 |         3.17 |         0.00 |         0.00 |         0.00 |         0.00 |        90.00 |        70.00 |       150.00
16     |        80.00 |         0.00 |         0.00 |        20.00 |         0.00 |         0.00 |         0.00 |         0.00 |       170.00 |        60.00 |       150.00
17     |        70.00 |         0.00 |         0.00 |        18.20 |         0.00 |         0.00 |         0.00 |         0.00 |       170.00 |        50.00 |       150.00
18     |        58.63 |         0.00 |        11.09 |         4.60 |         0.00 |         0.00 |         0.00 |         0.00 |       178.63 |        30.00 |       150.00
19     |         0.00 |       100.00 |         1.09 |         0.00 |         0.00 |         0.00 |         0.00 |         0.00 |        20.00 |        30.00 |       150.00
20     |        34.29 |         0.00 |        11.00 |         0.00 |         0.00 |         0.00 |         0.00 |         0.00 |        44.29 |        10.00 |        20.00
21     |         0.00 |       100.00 |         1.00 |         0.00 |         0.00 |         0.00 |         0.00 |         0.00 |        40.00 |        10.00 |       150.00
22     |        25.10 |         0.00 |         0.00 |         8.44 |         0.00 |         0.00 |         0.00 |         0.00 |       175.10 |         0.00 |       150.00
23     |        70.01 |         0.00 |         0.00 |        18.20 |         0.00 |         0.00 |         0.00 |         0.00 |       100.01 |         0.00 |        30.00
24     |        58.63 |         0.00 |         0.00 |        15.69 |         0.00 |         0.00 |         0.00 |         0.00 |        58.63 |         0.00 |         0.00
########################################################################################################################################################################################################

SUMMARY STATISTICS:
Average H2 production efficiency: 0.751810487487958
Average H2 usage efficiency: 0.2887461950956591
Total E_toH2: 606.0390156167506
Total E_fromH2: 570.000128422588
Total H_storage: 84.93461224703975
Total H_sell: 102.76483413497911
Total H_buy: 0.0
#########################################################################################
