#########################################################################################
OPTIMIZATION RESULTS:
Timestamp: 2025-01-26T22:03:10.834
Objective value: 3203.3225244121786
Solve time: 360.0107560157776 seconds
Relative gap: 0.1407369573257224

EFFICIENCY METRICS:
H2 production efficiencies by period: [0.95, 0.95, 0.95, 0.88, 0.0, 0.75, 0.95, 0.0, 0.82, 0.0, 0.8274999999999998, 0.65, 0.866084636925889, 0.0, 0.78, 0.78, 0.8272717710928287, 0.75, 0.95, 0.95, 0.95, 0.85, 0.88, 0.8027380952104588]
H2 usage efficiencies by period: [0.6, 0.0, 0.0, 0.0, 0.3, 0.6, 0.3, 0.3, 0.0, 0.45, 0.3, 0.3, 0.0, 0.3, 0.6, 0.42999999999999994, 0.6, 0.6, 0.3, 0.3, 0.6, 0.0, 0.0, 0.0]

PERIOD-BY-PERIOD VALUES:

########################################################################################################################################################################################################
Period |       E_toH2 |     E_fromH2 |    H_storage |       H_sell |        H_buy |     E_charge |  E_discharge |       E_sell |        E_buy |   Renewables |       DEMAND
--------------------------------------------------------------------------------------------------------------------------------------------------------------------------------------------------------
1      |        10.00 |         0.00 |         0.00 |         3.17 |         0.00 |         0.00 |         0.00 |         0.00 |       200.00 |         0.00 |       190.00
2      |        10.00 |         0.00 |         0.00 |         3.17 |         0.00 |         0.00 |         0.00 |         0.00 |       200.00 |         0.00 |       190.00
3      |        10.00 |         0.00 |         2.20 |         0.97 |         0.00 |         0.00 |         0.00 |         0.00 |       200.00 |         0.00 |       190.00
4      |        30.00 |         0.00 |        11.00 |         0.00 |         0.00 |         0.00 |         0.00 |         0.00 |       200.00 |        20.00 |       190.00
5      |         0.00 |       100.00 |         1.00 |         0.00 |         0.00 |         0.00 |         0.00 |         0.00 |        20.00 |        30.00 |       150.00
6      |        80.00 |         0.00 |        21.00 |         0.00 |         0.00 |         0.00 |         0.00 |         0.00 |       190.00 |        40.00 |       150.00
7      |         0.00 |       100.00 |        11.00 |         0.00 |         0.00 |         0.00 |         0.00 |         0.00 |        10.00 |        40.00 |       150.00
8      |         0.00 |       100.00 |         1.00 |         0.00 |         0.00 |         0.00 |         0.00 |         0.00 |         0.00 |        50.00 |       150.00
9      |        50.00 |         0.00 |        11.50 |         3.17 |         0.00 |         0.00 |         0.00 |         0.00 |         0.00 |        70.00 |        20.00
10     |         0.00 |        70.00 |         1.00 |         0.00 |         0.00 |         0.00 |         0.00 |         0.00 |         0.00 |        80.00 |       150.00
11     |        47.50 |         0.00 |        11.00 |         3.10 |         0.00 |         0.00 |         0.00 |         0.00 |       107.50 |        90.00 |       150.00
12     |         0.00 |       100.00 |         1.00 |         0.00 |         0.00 |         0.00 |         0.00 |        30.00 |         0.00 |        80.00 |       150.00
13     |        34.64 |         0.00 |        11.00 |         0.00 |         0.00 |         0.00 |         0.00 |         0.00 |        84.64 |       100.00 |       150.00
14     |         0.00 |       100.00 |         1.00 |         0.00 |         0.00 |         0.00 |         0.00 |        20.00 |         0.00 |        70.00 |       150.00
15     |        70.00 |         0.00 |         0.00 |        19.20 |         0.00 |         0.00 |         0.00 |         0.00 |       150.00 |        70.00 |       150.00
16     |        70.00 |         0.00 |         0.00 |        18.20 |         0.00 |         0.00 |         0.00 |         0.00 |       160.00 |        60.00 |       150.00
17     |        47.58 |         0.00 |         1.00 |        12.12 |         0.00 |         0.00 |         0.00 |         0.00 |       147.58 |        50.00 |       150.00
18     |        80.00 |         0.00 |        21.00 |         0.00 |         0.00 |         0.00 |         0.00 |         0.00 |       200.00 |        30.00 |       150.00
19     |         0.00 |       100.00 |        11.00 |         0.00 |         0.00 |         0.00 |         0.00 |         0.00 |        20.00 |        30.00 |       150.00
20     |         0.00 |       100.00 |         1.00 |         0.00 |         0.00 |         0.00 |         0.00 |         0.00 |         0.00 |        10.00 |       110.00
21     |         0.00 |         0.00 |         0.00 |         1.00 |         0.00 |         0.00 |         0.00 |         0.00 |        50.00 |        10.00 |        60.00
22     |        40.00 |         0.00 |         0.00 |        11.33 |         0.00 |         0.00 |         0.00 |         0.00 |       190.00 |         0.00 |       150.00
23     |        30.00 |         0.00 |         0.00 |         8.80 |         0.00 |         0.00 |         0.00 |         0.00 |        60.00 |         0.00 |        30.00
24     |        58.63 |         0.00 |         0.00 |        15.69 |         0.00 |         0.00 |         0.00 |         0.00 |        58.63 |         0.00 |         0.00
########################################################################################################################################################################################################

SUMMARY STATISTICS:
Average H2 production efficiency: 0.7130664376345489
Average H2 usage efficiency: 0.2866666666666666
Total E_toH2: 668.3457890624021
Total E_fromH2: 770.0
Total H_storage: 117.7
Total H_sell: 99.9099959184997
Total H_buy: 0.0
#########################################################################################
