#########################################################################################
OPTIMIZATION RESULTS:
Timestamp: 2025-01-27T01:48:25.751
Objective value: 2613.184115361777
Solve time: 360.01672101020813 seconds
Relative gap: 0.1277573165918535

EFFICIENCY METRICS:
H2 production efficiencies by period: [1.0, 1.0, 1.0, 0.9300000000000198, 0.0, 1.0, 0.0, 0.95, 1.0, 1.0, 0.7500006470584836, 0.0, 1.0, 0.0, 0.8300007590105629, 0.8300010263137881, 0.8300000000180191, 0.8300000041241584, 1.0, 1.0, 1.0, 0.8300000000000288, 0.8300000006469451, 0.83]
H2 usage efficiencies by period: [0.6, 0.9, 0.0, 0.8997668642479548, 0.6, 0.6, 0.6, 0.6, 0.6, 0.75, 0.0, 0.75, 0.9, 0.8200000000000002, 0.0, 0.9, 0.9, 0.0, 0.6, 0.6, 0.6, 0.8799999999999998, 0.9, 0.0]

PERIOD-BY-PERIOD VALUES:

########################################################################################################################################################################################################
Period |       E_toH2 |     E_fromH2 |    H_storage |       H_sell |        H_buy |     E_charge |  E_discharge |       E_sell |        E_buy |   Renewables |       DEMAND
--------------------------------------------------------------------------------------------------------------------------------------------------------------------------------------------------------
1      |        10.00 |         0.00 |       108.97 |         0.00 |       105.63 |         0.00 |         0.00 |         0.00 |       200.00 |         0.00 |       190.00
2      |        10.00 |         0.00 |       112.30 |         0.00 |         0.00 |         0.00 |         0.00 |         0.00 |       200.00 |         0.00 |       190.00
3      |        10.00 |         0.00 |       115.63 |         0.00 |         0.00 |         0.00 |         0.00 |         0.00 |       200.00 |         0.00 |       190.00
4      |        30.00 |         0.00 |       124.93 |         0.00 |         0.00 |         0.00 |         0.00 |         0.00 |       200.00 |        20.00 |       190.00
5      |         0.00 |       100.00 |       104.93 |         0.00 |         0.00 |         0.00 |         0.00 |         0.00 |        20.00 |        30.00 |       150.00
6      |         0.00 |       100.00 |        84.93 |         0.00 |         0.00 |         0.00 |         0.00 |         0.00 |        10.00 |        40.00 |       150.00
7      |         0.00 |       100.00 |        64.93 |         0.00 |         0.00 |         0.00 |         0.00 |         0.00 |        10.00 |        40.00 |       150.00
8      |         0.00 |       100.00 |        44.93 |         0.00 |         0.00 |         0.00 |         0.00 |         0.00 |         0.00 |        50.00 |       150.00
9      |         0.00 |       100.00 |        24.93 |         0.00 |         0.00 |         0.00 |         0.00 |        20.00 |         0.00 |        70.00 |       150.00
10     |         0.00 |        70.00 |         7.43 |         0.00 |         0.00 |         0.00 |         0.00 |         0.00 |         0.00 |        80.00 |       150.00
11     |       100.00 |         0.00 |        32.43 |         0.00 |         0.00 |         0.00 |         0.00 |         0.00 |       160.00 |        90.00 |       150.00
12     |         0.00 |        70.00 |        14.93 |         0.00 |         0.00 |         0.00 |         0.00 |         0.00 |         0.00 |        80.00 |       150.00
13     |         0.00 |        10.00 |        11.93 |         0.00 |         0.00 |         0.00 |         0.00 |         0.00 |         0.00 |       100.00 |       110.00
14     |         0.00 |        40.00 |         1.00 |         0.00 |         0.00 |         0.00 |         0.00 |         0.00 |         0.00 |        70.00 |       110.00
15     |        70.00 |         0.00 |        20.37 |         0.00 |         0.00 |         0.00 |         0.00 |         0.00 |       150.00 |        70.00 |       150.00
16     |        70.00 |         0.00 |        39.73 |         0.00 |         0.00 |         0.00 |         0.00 |         0.00 |       160.00 |        60.00 |       150.00
17     |        70.00 |         0.00 |        59.10 |         0.00 |         0.00 |         0.00 |         0.00 |         0.00 |       170.00 |        50.00 |       150.00
18     |        70.00 |         0.00 |        78.47 |         0.00 |         0.00 |         0.00 |         0.00 |         0.00 |       190.00 |        30.00 |       150.00
19     |         0.00 |       100.00 |        58.47 |         0.00 |         0.00 |         0.00 |         0.00 |        20.00 |         0.00 |        30.00 |       110.00
20     |         0.00 |       100.00 |        21.00 |        17.47 |         0.00 |         0.00 |         0.00 |        10.00 |         0.00 |        10.00 |       100.00
21     |         0.00 |       100.00 |         1.00 |         0.00 |         0.00 |         0.00 |         0.00 |        10.00 |         0.00 |        10.00 |       100.00
22     |        70.00 |         0.00 |        20.37 |         0.00 |         0.00 |         0.00 |         0.00 |         0.00 |       170.00 |         0.00 |       100.00
23     |        70.00 |         0.00 |         0.00 |        39.73 |         0.00 |         0.00 |         0.00 |         0.00 |        90.00 |         0.00 |        20.00
24     |        70.00 |         0.00 |         0.00 |        19.37 |         0.00 |         0.00 |         0.00 |         0.00 |        70.00 |         0.00 |         0.00
########################################################################################################################################################################################################

SUMMARY STATISTICS:
Average H2 production efficiency: 0.7683334348821669
Average H2 usage efficiency: 0.5833236193436647
Total E_toH2: 649.9998687515226
Total E_fromH2: 990.0
Total H_storage: 1152.7332617962127
Total H_sell: 76.56668045414784
Total H_buy: 105.63331972275242
#########################################################################################
