#########################################################################################
OPTIMIZATION RESULTS:
Timestamp: 2025-01-26T21:49:54.271
Objective value: 2231.0565110322254
Solve time: 360.03400015830994 seconds
Relative gap: 0.2023277852914682

EFFICIENCY METRICS:
H2 production efficiencies by period: [0.8027036484137441, 0.8027036460154647, 0.0, 0.95, 0.95, 0.95, 0.95, 0.95, 0.0, 0.0, 0.8027037041855302, 0.95, 0.95, 0.95, 0.8027036460179978, 0.802792467617965, 0.8027036451219407, 0.95, 0.95, 0.9, 0.0, 0.95, 0.8027427059337274, 0.8027167228003221]
H2 usage efficiencies by period: [0.002003338898161866, 0.0, 0.3, 0.3, 0.3, 0.3, 0.3, 0.3, 0.3, 0.45, 0.6, 0.45, 0.5, 0.3, 0.6, 0.3, 0.6, 0.3, 0.3, 0.3, 0.3, 0.3, 0.6, 0.0]

PERIOD-BY-PERIOD VALUES:

########################################################################################################################################################################################################
Period |       E_toH2 |     E_fromH2 |    H_storage |       H_sell |        H_buy |     E_charge |  E_discharge |       E_sell |        E_buy |   Renewables |       DEMAND
--------------------------------------------------------------------------------------------------------------------------------------------------------------------------------------------------------
1      |        58.65 |         0.00 |        15.69 |         0.00 |         0.00 |         0.00 |         0.00 |         0.00 |       148.65 |         0.00 |        90.00
2      |        58.65 |         0.00 |        31.38 |         0.00 |         0.00 |         0.00 |         0.00 |         0.00 |       148.65 |         0.00 |        90.00
3      |         0.00 |       100.00 |       121.38 |         0.00 |       100.00 |         0.00 |         0.00 |         0.00 |       140.00 |         0.00 |       240.00
4      |         0.00 |       100.00 |       111.38 |         0.00 |         0.00 |         0.00 |         0.00 |         0.00 |       120.00 |        20.00 |       240.00
5      |         0.00 |       100.00 |       101.38 |         0.00 |         0.00 |         0.00 |         0.00 |         0.00 |        20.00 |        30.00 |       150.00
6      |         0.00 |       100.00 |        91.38 |         0.00 |         0.00 |         0.00 |         0.00 |         0.00 |        10.00 |        40.00 |       150.00
7      |         0.00 |       100.00 |        81.38 |         0.00 |         0.00 |         0.00 |         0.00 |         0.00 |        10.00 |        40.00 |       150.00
8      |         0.00 |       100.00 |        71.38 |         0.00 |         0.00 |         0.00 |         0.00 |         0.00 |         0.00 |        50.00 |       150.00
9      |         0.00 |       100.00 |        61.38 |         0.00 |         0.00 |         0.00 |         0.00 |        20.00 |         0.00 |        70.00 |       150.00
10     |         0.00 |        70.00 |        50.88 |         0.00 |         0.00 |         0.00 |         0.00 |         0.00 |         0.00 |        80.00 |       150.00
11     |        58.65 |         0.00 |        66.58 |         0.00 |         0.00 |         0.00 |         0.00 |         0.00 |       118.65 |        90.00 |       150.00
12     |         0.00 |        70.00 |        56.08 |         0.00 |         0.00 |         0.00 |         0.00 |         0.00 |         0.00 |        80.00 |       150.00
13     |         0.00 |        50.00 |        47.74 |         0.00 |         0.00 |         0.00 |         0.00 |         0.00 |         0.00 |       100.00 |       150.00
14     |         0.00 |       100.00 |         3.93 |        33.81 |         0.00 |         0.00 |         0.00 |        20.00 |         0.00 |        70.00 |       150.00
15     |        58.65 |         0.00 |        19.63 |         0.00 |         0.00 |         0.00 |         0.00 |         0.00 |       138.65 |        70.00 |       150.00
16     |        58.60 |         0.00 |        35.31 |         0.00 |         0.00 |         0.00 |         0.00 |         0.00 |       148.60 |        60.00 |       150.00
17     |        58.65 |         0.00 |        51.00 |         0.00 |         0.00 |         0.00 |         0.00 |         0.00 |       158.65 |        50.00 |       150.00
18     |         0.00 |       100.00 |        41.00 |         0.00 |         0.00 |         0.00 |         0.00 |         0.00 |        20.00 |        30.00 |       150.00
19     |         0.00 |       100.00 |        31.00 |         0.00 |         0.00 |         0.00 |         0.00 |        20.00 |         0.00 |        30.00 |       110.00
20     |         0.00 |       100.00 |        21.00 |         0.00 |         0.00 |         0.00 |         0.00 |        10.00 |         0.00 |        10.00 |       100.00
21     |         0.00 |       100.00 |        11.00 |         0.00 |         0.00 |         0.00 |         0.00 |        10.00 |         0.00 |        10.00 |       100.00
22     |         0.00 |       100.00 |         1.00 |         0.00 |         0.00 |         0.00 |         0.00 |         0.00 |         0.00 |         0.00 |       100.00
23     |        58.63 |         0.00 |        16.69 |         0.00 |         0.00 |         0.00 |         0.00 |         0.00 |        78.63 |         0.00 |        20.00
24     |        58.64 |         0.00 |         0.00 |        32.38 |         0.00 |         0.00 |         0.00 |         0.00 |        58.64 |         0.00 |         0.00
########################################################################################################################################################################################################

SUMMARY STATISTICS:
Average H2 production efficiency: 0.7404904244211122
Average H2 usage efficiency: 0.3334168057874234
Total E_toH2: 469.11490697899956
Total E_fromH2: 1489.999935392093
Total H_storage: 1139.606968552567
Total H_sell: 66.18951182210459
Total H_buy: 100.0
#########################################################################################
