#########################################################################################
OPTIMIZATION RESULTS:
Timestamp: 2025-01-27T12:14:01.425
Objective value: 6890.481696079755
Solve time: 8.466017007827759 seconds
Relative gap: 8.717995251299678e-5

EFFICIENCY METRICS:
H2 production efficiencies by period: [1.0, 1.0, 1.0, 1.0, 1.0, 1.0, 1.0, 1.0, 1.0, 1.0, 1.0, 1.0, 1.0, 1.0, 1.0, 1.0, 1.0, 1.0, 1.0, 1.0, 1.0, 1.0, 1.0, 0.0]
H2 usage efficiencies by period: [0.6, 0.6, 0.6, 0.6, 0.6, 0.6, 0.6, 0.6, 0.6, 0.75, 0.7800000000013685, 0.75, 0.8, 0.6, 0.6, 0.6, 0.6, 0.6, 0.6, 0.6, 0.6, 0.6, 0.8800000000014385, 0.0]

PERIOD-BY-PERIOD VALUES:

########################################################################################################################################################################################################
Period |       E_toH2 |     E_fromH2 |    H_storage |       H_sell |        H_buy |     E_charge |  E_discharge |       E_sell |        E_buy |   Renewables |       DEMAND
--------------------------------------------------------------------------------------------------------------------------------------------------------------------------------------------------------
1      |         0.00 |       100.00 |       410.80 |         0.00 |       430.80 |         0.00 |         0.00 |         0.00 |        90.00 |         0.00 |       190.00
2      |         0.00 |       100.00 |       390.80 |         0.00 |         0.00 |         0.00 |         0.00 |         0.00 |        90.00 |         0.00 |       190.00
3      |         0.00 |       100.00 |       370.80 |         0.00 |         0.00 |         0.00 |         0.00 |         0.00 |         0.00 |         0.00 |       100.00
4      |         0.00 |       100.00 |       350.80 |         0.00 |         0.00 |         0.00 |         0.00 |         0.00 |        70.00 |        20.00 |       190.00
5      |         0.00 |       100.00 |       330.80 |         0.00 |         0.00 |         0.00 |         0.00 |         0.00 |        20.00 |        30.00 |       150.00
6      |         0.00 |       100.00 |       310.80 |         0.00 |         0.00 |         0.00 |         0.00 |         0.00 |        10.00 |        40.00 |       150.00
7      |         0.00 |       100.00 |       290.80 |         0.00 |         0.00 |         0.00 |         0.00 |         0.00 |        10.00 |        40.00 |       150.00
8      |         0.00 |       100.00 |       270.80 |         0.00 |         0.00 |         0.00 |         0.00 |         0.00 |         0.00 |        50.00 |       150.00
9      |         0.00 |       100.00 |       250.80 |         0.00 |         0.00 |         0.00 |         0.00 |        20.00 |         0.00 |        70.00 |       150.00
10     |         0.00 |        70.00 |       233.30 |         0.00 |         0.00 |         0.00 |         0.00 |         0.00 |         0.00 |        80.00 |       150.00
11     |         0.00 |        60.00 |       217.70 |         0.00 |         0.00 |         0.00 |         0.00 |         0.00 |         0.00 |        90.00 |       150.00
12     |         0.00 |        70.00 |       200.20 |         0.00 |         0.00 |         0.00 |         0.00 |         0.00 |         0.00 |        80.00 |       150.00
13     |         0.00 |        50.00 |       186.87 |         0.00 |         0.00 |         0.00 |         0.00 |         0.00 |         0.00 |       100.00 |       150.00
14     |         0.00 |       100.00 |       166.87 |         0.00 |         0.00 |         0.00 |         0.00 |        20.00 |         0.00 |        70.00 |       150.00
15     |         0.00 |       100.00 |       146.87 |         0.00 |         0.00 |         0.00 |         0.00 |        20.00 |         0.00 |        70.00 |       150.00
16     |         0.00 |       100.00 |       126.87 |         0.00 |         0.00 |         0.00 |         0.00 |        10.00 |         0.00 |        60.00 |       150.00
17     |         0.00 |       100.00 |       106.87 |         0.00 |         0.00 |         0.00 |         0.00 |         0.00 |         0.00 |        50.00 |       150.00
18     |         0.00 |       100.00 |        86.87 |         0.00 |         0.00 |         0.00 |         0.00 |         0.00 |        20.00 |        30.00 |       150.00
19     |         0.00 |       100.00 |        66.87 |         0.00 |         0.00 |         0.00 |         0.00 |        20.00 |         0.00 |        30.00 |       110.00
20     |         0.00 |       100.00 |        46.87 |         0.00 |         0.00 |         0.00 |         0.00 |        10.00 |         0.00 |        10.00 |       100.00
21     |         0.00 |       100.00 |        26.87 |         0.00 |         0.00 |         0.00 |         0.00 |        10.00 |         0.00 |        10.00 |       100.00
22     |         0.00 |       100.00 |         6.87 |         0.00 |         0.00 |         0.00 |         0.00 |         0.00 |         0.00 |         0.00 |       100.00
23     |         0.00 |        20.00 |         1.00 |         0.00 |         0.00 |         0.00 |         0.00 |         0.00 |         0.00 |         0.00 |        20.00
24     |         0.00 |         0.00 |         0.00 |         1.00 |         0.00 |         0.00 |         0.00 |         0.00 |         0.00 |         0.00 |         0.00
########################################################################################################################################################################################################

SUMMARY STATISTICS:
Average H2 production efficiency: 0.9583333333333334
Average H2 usage efficiency: 0.6150000000001169
Total E_toH2: 0.0
Total E_fromH2: 2070.0
Total H_storage: 4598.066657149011
Total H_sell: 1.0
Total H_buy: 430.7999992068666
#########################################################################################
