#########################################################################################
OPTIMIZATION RESULTS:
Timestamp: 2025-01-27T12:45:27.905
Objective value: 2654.9999878061612
Solve time: 17.80400013923645 seconds
Relative gap: 0.0

EFFICIENCY METRICS:
H2 production efficiencies by period: 0.3
H2 usage efficiencies by period: 0.3

PERIOD-BY-PERIOD VALUES:

########################################################################################################################################################################################################
Period |       E_toH2 |     E_fromH2 |    H_storage |       H_sell |        H_buy |     E_charge |  E_discharge |       E_sell |        E_buy |   Renewables |       DEMAND
--------------------------------------------------------------------------------------------------------------------------------------------------------------------------------------------------------
1      |         0.00 |         0.00 |       100.00 |         0.00 |       100.00 |         0.00 |         0.00 |         0.00 |       190.00 |         0.00 |       190.00
2      |         0.00 |         0.00 |       100.00 |         0.00 |         0.00 |         0.00 |         0.00 |         0.00 |       190.00 |         0.00 |       190.00
3      |         0.00 |         0.00 |        31.00 |        69.00 |         0.00 |         0.00 |         0.00 |         0.00 |       190.00 |         0.00 |       190.00
4      |         0.00 |         0.00 |        31.00 |         0.00 |         0.00 |         0.00 |         0.00 |         0.00 |       170.00 |        20.00 |       190.00
5      |         0.00 |       100.00 |        27.67 |         0.00 |         0.00 |         0.00 |         0.00 |         0.00 |        20.00 |        30.00 |       150.00
6      |         0.00 |       100.00 |        24.33 |         0.00 |         0.00 |         0.00 |         0.00 |         0.00 |        10.00 |        40.00 |       150.00
7      |         0.00 |        20.00 |        23.67 |         0.00 |         0.00 |         0.00 |         0.00 |         0.00 |         0.00 |        40.00 |        60.00
8      |         0.00 |       100.00 |        20.33 |         0.00 |         0.00 |         0.00 |         0.00 |         0.00 |         0.00 |        50.00 |       150.00
9      |         0.00 |        80.00 |        17.67 |         0.00 |         0.00 |         0.00 |         0.00 |         0.00 |         0.00 |        70.00 |       150.00
10     |         0.00 |        70.00 |        15.33 |         0.00 |         0.00 |         0.00 |         0.00 |         0.00 |         0.00 |        80.00 |       150.00
11     |         0.00 |         0.00 |        15.33 |         0.00 |         0.00 |         0.00 |         0.00 |         0.00 |        60.00 |        90.00 |       150.00
12     |         0.00 |        70.00 |        13.00 |         0.00 |         0.00 |         0.00 |         0.00 |         0.00 |         0.00 |        80.00 |       150.00
13     |         0.00 |        50.00 |        11.33 |         0.00 |         0.00 |         0.00 |         0.00 |         0.00 |         0.00 |       100.00 |       150.00
14     |         0.00 |        80.00 |         8.67 |         0.00 |         0.00 |         0.00 |         0.00 |         0.00 |         0.00 |        70.00 |       150.00
15     |         0.00 |         0.00 |         8.67 |         0.00 |         0.00 |         0.00 |         0.00 |         0.00 |        80.00 |        70.00 |       150.00
16     |         0.00 |         0.00 |         8.67 |         0.00 |         0.00 |         0.00 |         0.00 |         0.00 |        90.00 |        60.00 |       150.00
17     |         0.00 |         0.00 |         8.67 |         0.00 |         0.00 |         0.00 |         0.00 |         0.00 |       100.00 |        50.00 |       150.00
18     |         0.00 |         0.00 |         8.67 |         0.00 |         0.00 |         0.00 |         0.00 |         0.00 |       120.00 |        30.00 |       150.00
19     |         0.00 |        80.00 |         6.00 |         0.00 |         0.00 |         0.00 |         0.00 |         0.00 |         0.00 |        30.00 |       110.00
20     |         0.00 |        90.00 |         3.00 |         0.00 |         0.00 |         0.00 |         0.00 |         0.00 |         0.00 |        10.00 |       100.00
21     |         0.00 |        90.00 |         0.00 |         0.00 |         0.00 |         0.00 |         0.00 |         0.00 |         0.00 |        10.00 |       100.00
22     |         0.00 |         0.00 |         0.00 |         0.00 |         0.00 |         0.00 |         0.00 |         0.00 |       100.00 |         0.00 |       100.00
23     |         0.00 |         0.00 |         0.00 |         0.00 |         0.00 |         0.00 |         0.00 |         0.00 |        20.00 |         0.00 |        20.00
24     |         0.00 |         0.00 |         0.00 |         0.00 |         0.00 |         0.00 |         0.00 |         0.00 |         0.00 |         0.00 |         0.00
########################################################################################################################################################################################################

SUMMARY STATISTICS:
Average H2 production efficiency: 0.3
Average H2 usage efficiency: 0.1
Total E_toH2: 1.590337639356676e-6
Total E_fromH2: 930.000004769763
Total H_storage: 483.0000001590338
Total H_sell: 69.0
Total H_buy: 100.0
#########################################################################################
