#########################################################################################
OPTIMIZATION RESULTS:
Timestamp: 2025-01-27T12:41:43.356
Objective value: 2472.4998558032607
Solve time: 17.784000158309937 seconds
Relative gap: 1.0207635386125217e-5

EFFICIENCY METRICS:
H2 production efficiencies by period: 0.8
H2 usage efficiencies by period: 0.8

PERIOD-BY-PERIOD VALUES:

########################################################################################################################################################################################################
Period |       E_toH2 |     E_fromH2 |    H_storage |       H_sell |        H_buy |     E_charge |  E_discharge |       E_sell |        E_buy |   Renewables |       DEMAND
--------------------------------------------------------------------------------------------------------------------------------------------------------------------------------------------------------
1      |         0.00 |        80.00 |        84.00 |         0.00 |       100.00 |         0.00 |         0.00 |         0.00 |       200.00 |         0.00 |       280.00
2      |         0.00 |        80.00 |        68.00 |         0.00 |         0.00 |         0.00 |         0.00 |         0.00 |       200.00 |         0.00 |       280.00
3      |        50.00 |         0.00 |        81.33 |         0.00 |         0.00 |         0.00 |         0.00 |         0.00 |       200.00 |         0.00 |       150.00
4      |        70.00 |         0.00 |       100.00 |         0.00 |         0.00 |         0.00 |         0.00 |         0.00 |       200.00 |        20.00 |       150.00
5      |         0.00 |        30.00 |        94.00 |         0.00 |         0.00 |         0.00 |         0.00 |         0.00 |         0.00 |        30.00 |        60.00
6      |         0.00 |       100.00 |        74.00 |         0.00 |         0.00 |         0.00 |         0.00 |         0.00 |        10.00 |        40.00 |       150.00
7      |         0.00 |        20.00 |        70.00 |         0.00 |         0.00 |         0.00 |         0.00 |         0.00 |         0.00 |        40.00 |        60.00
8      |         0.00 |       100.00 |        50.00 |         0.00 |         0.00 |         0.00 |         0.00 |         0.00 |         0.00 |        50.00 |       150.00
9      |         0.00 |        80.00 |        34.00 |         0.00 |         0.00 |         0.00 |         0.00 |         0.00 |         0.00 |        70.00 |       150.00
10     |         0.00 |        70.00 |        20.00 |         0.00 |         0.00 |         0.00 |         0.00 |         0.00 |         0.00 |        80.00 |       150.00
11     |       100.00 |         0.00 |        46.67 |         0.00 |         0.00 |         0.00 |         0.00 |         0.00 |       160.00 |        90.00 |       150.00
12     |         0.00 |        70.00 |        32.67 |         0.00 |         0.00 |         0.00 |         0.00 |         0.00 |         0.00 |        80.00 |       150.00
13     |         0.00 |        50.00 |        22.67 |         0.00 |         0.00 |         0.00 |         0.00 |         0.00 |         0.00 |       100.00 |       150.00
14     |         0.00 |        80.00 |         6.67 |         0.00 |         0.00 |         0.00 |         0.00 |         0.00 |         0.00 |        70.00 |       150.00
15     |       100.00 |         0.00 |        33.33 |         0.00 |         0.00 |         0.00 |         0.00 |         0.00 |       180.00 |        70.00 |       150.00
16     |       100.00 |         0.00 |        60.00 |         0.00 |         0.00 |         0.00 |         0.00 |         0.00 |       190.00 |        60.00 |       150.00
17     |       100.00 |         0.00 |        86.67 |         0.00 |         0.00 |         0.00 |         0.00 |         0.00 |       200.00 |        50.00 |       150.00
18     |        80.00 |         0.00 |       108.00 |         0.00 |         0.00 |         0.00 |         0.00 |         0.00 |       200.00 |        30.00 |       150.00
19     |         0.00 |        80.00 |        92.00 |         0.00 |         0.00 |         0.00 |         0.00 |         0.00 |         0.00 |        30.00 |       110.00
20     |         0.00 |        90.00 |        74.00 |         0.00 |         0.00 |         0.00 |         0.00 |         0.00 |         0.00 |        10.00 |       100.00
21     |         0.00 |        90.00 |        56.00 |         0.00 |         0.00 |         0.00 |         0.00 |         0.00 |         0.00 |        10.00 |       100.00
22     |       100.00 |         0.00 |         0.00 |        82.67 |         0.00 |         0.00 |         0.00 |         0.00 |       200.00 |         0.00 |       100.00
23     |       100.00 |         0.00 |        26.67 |         0.00 |         0.00 |         0.00 |         0.00 |         0.00 |       120.00 |         0.00 |        20.00
24     |       100.00 |         0.00 |         0.00 |        53.33 |         0.00 |         0.00 |         0.00 |         0.00 |       100.00 |         0.00 |         0.00
########################################################################################################################################################################################################

SUMMARY STATISTICS:
Average H2 production efficiency: 0.8
Average H2 usage efficiency: 0.6
Total E_toH2: 900.0000550485959
Total E_fromH2: 1020.0000403689704
Total H_storage: 1320.6653340013238
Total H_sell: 135.99993320770363
Total H_buy: 99.99992660187205
#########################################################################################
