#########################################################################################
OPTIMIZATION RESULTS:
Timestamp: 2025-03-25T11:32:52.970
Objective value: 2573.90788980227
Solve time: 11.65499997138977 seconds
Relative gap: 0.0

EFFICIENCY METRICS:
H2 production efficiencies by period: 0.95
H2 usage efficiencies by period: 0.95

PERIOD-BY-PERIOD VALUES:

########################################################################################################################################################################################################
Period |       E_toH2 |     E_fromH2 |    H_storage |       H_sell |        H_buy |     E_charge |  E_discharge |       E_sell |        E_buy |   Renewables |       DEMAND
--------------------------------------------------------------------------------------------------------------------------------------------------------------------------------------------------------
1      |       100.00 |         0.00 |       152.67 |         0.00 |       121.00 |         0.00 |         0.00 |         0.00 |       190.00 |         0.00 |        90.00
2      |       100.00 |         0.00 |       184.33 |         0.00 |         0.00 |         0.00 |         0.00 |         0.00 |       190.00 |         0.00 |        90.00
3      |         0.00 |        40.00 |       173.67 |         0.00 |         0.00 |         0.00 |         0.00 |         0.00 |       200.00 |         0.00 |       240.00
4      |         0.00 |        20.00 |       168.33 |         0.00 |         0.00 |         0.00 |         0.00 |         0.00 |       200.00 |        20.00 |       240.00
5      |         0.00 |       100.00 |       141.67 |         0.00 |         0.00 |         0.00 |         0.00 |         0.00 |        20.00 |        30.00 |       150.00
6      |         0.00 |       100.00 |       115.00 |         0.00 |         0.00 |         0.00 |         0.00 |         0.00 |        10.00 |        40.00 |       150.00
7      |         0.00 |       100.00 |        88.33 |         0.00 |         0.00 |         0.00 |         0.00 |         0.00 |        10.00 |        40.00 |       150.00
8      |         0.00 |       100.00 |        61.67 |         0.00 |         0.00 |         0.00 |         0.00 |         0.00 |         0.00 |        50.00 |       150.00
9      |         0.00 |        80.00 |        40.33 |         0.00 |         0.00 |         0.00 |         0.00 |         0.00 |         0.00 |        70.00 |       150.00
10     |         0.00 |        70.00 |        21.67 |         0.00 |         0.00 |         0.00 |         0.00 |         0.00 |         0.00 |        80.00 |       150.00
11     |       100.00 |         0.00 |        53.33 |         0.00 |         0.00 |         0.00 |         0.00 |         0.00 |       160.00 |        90.00 |       150.00
12     |         0.00 |        70.00 |        34.67 |         0.00 |         0.00 |         0.00 |         0.00 |         0.00 |         0.00 |        80.00 |       150.00
13     |         0.00 |        50.00 |        21.33 |         0.00 |         0.00 |         0.00 |         0.00 |         0.00 |         0.00 |       100.00 |       150.00
14     |         0.00 |        80.00 |         0.00 |         0.00 |         0.00 |         0.00 |         0.00 |         0.00 |         0.00 |        70.00 |       150.00
15     |       100.00 |         0.00 |        31.67 |         0.00 |         0.00 |         0.00 |         0.00 |         0.00 |       180.00 |        70.00 |       150.00
16     |       100.00 |         0.00 |        63.33 |         0.00 |         0.00 |         0.00 |         0.00 |         0.00 |       190.00 |        60.00 |       150.00
17     |       100.00 |         0.00 |        95.00 |         0.00 |         0.00 |         0.00 |         0.00 |         0.00 |       200.00 |        50.00 |       150.00
18     |        80.00 |         0.00 |       120.33 |         0.00 |         0.00 |         0.00 |         0.00 |         0.00 |       200.00 |        30.00 |       150.00
19     |         0.00 |        80.00 |        99.00 |         0.00 |         0.00 |         0.00 |         0.00 |         0.00 |         0.00 |        30.00 |       110.00
20     |         0.00 |        90.00 |        75.00 |         0.00 |         0.00 |         0.00 |         0.00 |         0.00 |         0.00 |        10.00 |       100.00
21     |         0.00 |        90.00 |        51.00 |         0.00 |         0.00 |         0.00 |         0.00 |         0.00 |         0.00 |        10.00 |       100.00
22     |       100.00 |         0.00 |         0.00 |        82.67 |         0.00 |         0.00 |         0.00 |         0.00 |       200.00 |         0.00 |       100.00
23     |       100.00 |         0.00 |        31.67 |         0.00 |         0.00 |         0.00 |         0.00 |         0.00 |       120.00 |         0.00 |        20.00
24     |       100.00 |         0.00 |         0.00 |        63.33 |         0.00 |         0.00 |         0.00 |         0.00 |       100.00 |         0.00 |         0.00
########################################################################################################################################################################################################

SUMMARY STATISTICS:
Average H2 production efficiency: 0.95
Average H2 usage efficiency: 0.8
Total E_toH2: 980.0
Total E_fromH2: 1070.0
Total H_storage: 1823.9999972907801
Total H_sell: 146.0
Total H_buy: 120.99999929506112
#########################################################################################
