#########################################################################################
OPTIMIZATION RESULTS:
Timestamp: 2025-03-21T13:47:10.893
Objective value: 751.4940012869066
Solve time: 360.0239999294281 seconds
Relative gap: 0.0471057324249544

EFFICIENCY METRICS:
H2 production efficiencies by period: [0.0, 0.0, 0.0, 0.0, 0.95, 0.95, 0.95, 0.95, 0.0, 0.0, 0.0, 0.0, 0.9, 0.0, 0.0, 0.95, 0.0, 0.0, 0.9, 0.0, 0.0, 0.95, 0.0, 0.0]
H2 usage efficiencies by period: [0.4, 0.4, 0.4, 0.4, 0.42999933942129315, 0.4299999999999998, 0.3, 0.3, 0.4299999281096577, 0.43000000000002137, 0.42999999999998906, 0.4299999999999998, 0.4299999999999998, 0.42999996998155904, 0.43000000000002125, 0.4, 0.4, 0.4, 0.43, 0.4, 0.4, 0.4, 0.4299999999999998, 0.4299999999999998]

PERIOD-BY-PERIOD VALUES:

########################################################################################################################################################################################################
Period |       E_toH2 |     E_fromH2 |    H_storage |       H_sell |        H_buy |     E_charge |  E_discharge |       E_sell |        E_buy |   Renewables |       DEMAND
--------------------------------------------------------------------------------------------------------------------------------------------------------------------------------------------------------
1      |         0.00 |        90.00 |       493.25 |         0.00 |         0.00 |         0.00 |         0.00 |         0.00 |         0.00 |         0.00 |        90.00
2      |         0.00 |        90.00 |       486.50 |         0.00 |         0.00 |         0.00 |         0.00 |         0.00 |       190.00 |         0.00 |       280.00
3      |         0.00 |        90.00 |       479.75 |         0.00 |         0.00 |         0.00 |         0.00 |         0.00 |       150.00 |         0.00 |       240.00
4      |         0.00 |        90.00 |      1000.00 |         0.00 |       527.00 |         0.00 |         0.00 |         0.00 |        40.00 |        20.00 |       150.00
5      |         0.00 |        80.00 |      1000.00 |         0.00 |         5.58 |         0.00 |         0.00 |         0.00 |         0.00 |        30.00 |       110.00
6      |         0.00 |        80.00 |       994.42 |         0.00 |         0.00 |         0.00 |         0.00 |        10.00 |         0.00 |        40.00 |       110.00
7      |         0.00 |       100.00 |       984.42 |         0.00 |         0.00 |         0.00 |         0.00 |         0.00 |        10.00 |        40.00 |       150.00
8      |         0.00 |       100.00 |       974.42 |         0.00 |         0.00 |         0.00 |         0.00 |         0.00 |         0.00 |        50.00 |       150.00
9      |         0.00 |        80.00 |       968.84 |         0.00 |         0.00 |         0.00 |         0.00 |         0.00 |         0.00 |        70.00 |       150.00
10     |         0.00 |        80.00 |       963.26 |         0.00 |         0.00 |         0.00 |         0.00 |        10.00 |         0.00 |        80.00 |       150.00
11     |         0.00 |        80.00 |       957.67 |         0.00 |         0.00 |         0.00 |         0.00 |        20.00 |         0.00 |        90.00 |       150.00
12     |         0.00 |        80.00 |       952.09 |         0.00 |         0.00 |         0.00 |         0.00 |        10.00 |         0.00 |        80.00 |       150.00
13     |         0.00 |        80.00 |       946.51 |         0.00 |         0.00 |         0.00 |         0.00 |        30.00 |         0.00 |       100.00 |       150.00
14     |         0.00 |        80.00 |       940.93 |         0.00 |         0.00 |         0.00 |         0.00 |         0.00 |         0.00 |        70.00 |       150.00
15     |         0.00 |        80.00 |       935.35 |         0.00 |         0.00 |         0.00 |         0.00 |         0.00 |         0.00 |        70.00 |       150.00
16     |         0.00 |        90.00 |       928.60 |         0.00 |         0.00 |         0.00 |         0.00 |         0.00 |         0.00 |        60.00 |       150.00
17     |         0.00 |        90.00 |       921.85 |         0.00 |         0.00 |         0.00 |         0.00 |         0.00 |        10.00 |        50.00 |       150.00
18     |         0.00 |        90.00 |       915.10 |         0.00 |         0.00 |         0.00 |         0.00 |         0.00 |        30.00 |        30.00 |       150.00
19     |         0.00 |        80.00 |       531.41 |       378.10 |         0.00 |         0.00 |         0.00 |         0.00 |         0.00 |        30.00 |       110.00
20     |         0.00 |        90.00 |       524.66 |         0.00 |         0.00 |         0.00 |         0.00 |         0.00 |         0.00 |        10.00 |       100.00
21     |         0.00 |        90.00 |       517.91 |         0.00 |         0.00 |         0.00 |         0.00 |         0.00 |         0.00 |        10.00 |       100.00
22     |         0.00 |        90.00 |       511.16 |         0.00 |         0.00 |         0.00 |         0.00 |         0.00 |        10.00 |         0.00 |       100.00
23     |         0.00 |        80.00 |       505.58 |         0.00 |         0.00 |         0.00 |         0.00 |        60.00 |         0.00 |         0.00 |        20.00
24     |         0.00 |        80.00 |       500.00 |         0.00 |         0.00 |         0.00 |         0.00 |        80.00 |         0.00 |         0.00 |         0.00
########################################################################################################################################################################################################

SUMMARY STATISTICS:
Average H2 production efficiency: 0.3125
Average H2 usage efficiency: 0.40666663489635585
Total E_toH2: 0.0
Total E_fromH2: 2060.0000339695944
Total H_storage: 18933.685990621278
Total H_sell: 378.10463947301696
Total H_buy: 532.5813986069759
#########################################################################################
