#########################################################################################
OPTIMIZATION RESULTS:
Timestamp: 2025-01-27T15:58:39.942
Objective value: 1813.3460250375356
Solve time: 360.029000043869 seconds
Relative gap: 0.06509607467220474

EFFICIENCY METRICS:
H2 production efficiencies by period: [0.0, 0.0, 0.0, 0.0, 0.0, 0.0, 0.0, 0.0, 0.0, 0.0, 0.0, 0.0, 0.0, 0.0, 0.0, 0.0, 0.0, 0.0, 0.0, 0.0, 0.0, 0.0, 0.0, 0.0]
H2 usage efficiencies by period: [0.43, 0.43, 0.43, 0.43, 0.43, 0.45, 0.45, 0.4799999790640462, 0.43, 0.45, 0.47999998758747703, 0.45, 0.5, 0.43, 0.42999999324910027, 0.43, 0.43, 0.4299998642191076, 0.43, 0.4, 0.4, 0.43, 0.58, 0.5264362457683252]

PERIOD-BY-PERIOD VALUES:

########################################################################################################################################################################################################
Period |       E_toH2 |     E_fromH2 |    H_storage |       H_sell |        H_buy |     E_charge |  E_discharge |       E_sell |        E_buy |   Renewables |       DEMAND
--------------------------------------------------------------------------------------------------------------------------------------------------------------------------------------------------------
1      |         0.00 |        80.00 |       111.68 |         0.00 |       117.26 |         0.00 |         0.00 |         0.00 |       200.00 |         0.00 |       280.00
2      |         0.00 |        80.00 |       106.10 |         0.00 |         0.00 |         0.00 |         0.00 |         0.00 |       200.00 |         0.00 |       280.00
3      |         0.00 |        80.00 |       100.52 |         0.00 |         0.00 |         0.00 |         0.00 |         0.00 |        70.00 |         0.00 |       150.00
4      |         0.00 |        80.00 |        94.93 |         0.00 |         0.00 |         0.00 |         0.00 |         0.00 |        50.00 |        20.00 |       150.00
5      |         0.00 |        80.00 |        89.35 |         0.00 |         0.00 |         0.00 |         0.00 |         0.00 |         0.00 |        30.00 |       110.00
6      |         0.00 |        70.00 |        84.69 |         0.00 |         0.00 |         0.00 |         0.00 |         0.00 |         0.00 |        40.00 |       110.00
7      |         0.00 |        70.00 |        80.02 |         0.00 |         0.00 |         0.00 |         0.00 |         0.00 |         0.00 |        40.00 |       110.00
8      |         0.00 |        60.00 |        76.27 |         0.00 |         0.00 |         0.00 |         0.00 |         0.00 |         0.00 |        50.00 |       110.00
9      |         0.00 |        80.00 |        70.69 |         0.00 |         0.00 |         0.00 |         0.00 |         0.00 |         0.00 |        70.00 |       150.00
10     |         0.00 |        70.00 |        66.02 |         0.00 |         0.00 |         0.00 |         0.00 |         0.00 |         0.00 |        80.00 |       150.00
11     |         0.00 |        60.00 |        62.27 |         0.00 |         0.00 |         0.00 |         0.00 |         0.00 |         0.00 |        90.00 |       150.00
12     |         0.00 |        70.00 |        57.60 |         0.00 |         0.00 |         0.00 |         0.00 |         0.00 |         0.00 |        80.00 |       150.00
13     |         0.00 |        50.00 |        54.60 |         0.00 |         0.00 |         0.00 |         0.00 |         0.00 |         0.00 |       100.00 |       150.00
14     |         0.00 |        80.00 |        49.02 |         0.00 |         0.00 |         0.00 |         0.00 |         0.00 |         0.00 |        70.00 |       150.00
15     |         0.00 |        80.00 |        43.44 |         0.00 |         0.00 |         0.00 |         0.00 |         0.00 |         0.00 |        70.00 |       150.00
16     |         0.00 |        80.00 |        37.86 |         0.00 |         0.00 |         0.00 |         0.00 |         0.00 |        10.00 |        60.00 |       150.00
17     |         0.00 |        80.00 |        32.28 |         0.00 |         0.00 |         0.00 |         0.00 |         0.00 |        20.00 |        50.00 |       150.00
18     |         0.00 |        80.00 |        26.70 |         0.00 |         0.00 |         0.00 |         0.00 |         0.00 |        40.00 |        30.00 |       150.00
19     |         0.00 |        80.00 |        21.12 |         0.00 |         0.00 |         0.00 |         0.00 |         0.00 |         0.00 |        30.00 |       110.00
20     |         0.00 |        90.00 |        14.37 |         0.00 |         0.00 |         0.00 |         0.00 |         0.00 |         0.00 |        10.00 |       100.00
21     |         0.00 |        90.00 |         7.62 |         0.00 |         0.00 |         0.00 |         0.00 |         0.00 |         0.00 |        10.00 |       100.00
22     |         0.00 |        80.00 |         2.03 |         0.00 |         0.00 |         0.00 |         0.00 |         0.00 |        20.00 |         0.00 |       100.00
23     |         0.00 |        20.00 |         1.00 |         0.00 |         0.00 |         0.00 |         0.00 |         0.00 |         0.00 |         0.00 |        20.00
24     |         0.00 |         0.00 |         0.00 |         1.00 |         0.00 |         0.00 |         0.00 |         0.00 |         0.00 |         0.00 |         0.00
########################################################################################################################################################################################################

SUMMARY STATISTICS:
Average H2 production efficiency: 0.0
Average H2 usage efficiency: 0.4481848362453357
Total E_toH2: 0.0
Total E_fromH2: 1689.9999994107568
Total H_storage: 1290.1695646966443
Total H_sell: 1.0000050839568435
Total H_buy: 117.25929789171119
#########################################################################################
