#########################################################################################
OPTIMIZATION RESULTS:
Timestamp: 2025-01-27T15:51:06.895
Objective value: 3868.3099766015507
Solve time: 360.03400015830994 seconds
Relative gap: 0.2732955575218263

EFFICIENCY METRICS:
H2 production efficiencies by period: [0.0, 0.0, 0.0, 0.0, 0.0, 0.0, 0.0, 0.9, 0.0, 0.0, 0.0, 0.0, 0.0, 0.9, 0.0, 0.9, 0.8778557096363255, 0.85, 0.0, 0.0, 0.0, 0.95, 0.9, 0.0]
H2 usage efficiencies by period: [0.0, 0.0, 0.0, 0.6, 0.0, 0.3, 0.45, 0.48, 0.43, 0.45, 0.2121601304796917, 0.45, 0.5, 0.5101093371741021, 0.12435619671325883, 0.1125286791470202, 0.0, 0.6, 0.55, 0.2725975021771081, 0.25359975927701245, 0.58, 0.58, 0.6]

PERIOD-BY-PERIOD VALUES:

########################################################################################################################################################################################################
Period |       E_toH2 |     E_fromH2 |    H_storage |       H_sell |        H_buy |     E_charge |  E_discharge |       E_sell |        E_buy |   Renewables |       DEMAND
--------------------------------------------------------------------------------------------------------------------------------------------------------------------------------------------------------
1      |         0.00 |         0.00 |         0.00 |         0.00 |         0.00 |         0.00 |         0.00 |         0.00 |       190.00 |         0.00 |       190.00
2      |         0.00 |         0.00 |         0.00 |         0.00 |         0.00 |         0.00 |         0.00 |         0.00 |       190.00 |         0.00 |       190.00
3      |         0.00 |         0.00 |         0.00 |         0.00 |         0.00 |         0.00 |         0.00 |         0.00 |       190.00 |         0.00 |       190.00
4      |         0.00 |         0.00 |         0.00 |         0.00 |         0.00 |         0.00 |         0.00 |         0.00 |       170.00 |        20.00 |       190.00
5      |         0.00 |         0.00 |         0.00 |         0.00 |         0.00 |         0.00 |         0.00 |         0.00 |       120.00 |        30.00 |       150.00
6      |         0.00 |       100.00 |        90.00 |         0.00 |       100.00 |         0.00 |         0.00 |         0.00 |        10.00 |        40.00 |       150.00
7      |         0.00 |        70.00 |        25.41 |        59.92 |         0.00 |         0.00 |         0.00 |         0.00 |         0.00 |        40.00 |       110.00
8      |         0.00 |        60.00 |        21.66 |         0.00 |         0.00 |         0.00 |         0.00 |         0.00 |         0.00 |        50.00 |       110.00
9      |         0.00 |        80.00 |        16.08 |         0.00 |         0.00 |         0.00 |         0.00 |         0.00 |         0.00 |        70.00 |       150.00
10     |         0.00 |        70.00 |        11.41 |         0.00 |         0.00 |         0.00 |         0.00 |         0.00 |         0.00 |        80.00 |       150.00
11     |         0.00 |         3.54 |        11.35 |         0.00 |         0.00 |         0.00 |         0.00 |         0.00 |        56.46 |        90.00 |       150.00
12     |         0.00 |        70.00 |         6.68 |         0.00 |         0.00 |         0.00 |         0.00 |         0.00 |         0.00 |        80.00 |       150.00
13     |         0.00 |        50.00 |         3.68 |         0.00 |         0.00 |         0.00 |         0.00 |         0.00 |         0.00 |       100.00 |       150.00
14     |         0.00 |        44.95 |         1.04 |         0.00 |         0.00 |         0.00 |         0.00 |         0.00 |        35.05 |        70.00 |       150.00
15     |         0.00 |         2.07 |         1.02 |         0.00 |         0.00 |         0.00 |         0.00 |         0.00 |        77.93 |        70.00 |       150.00
16     |         0.00 |         1.88 |         1.00 |         0.00 |         0.00 |         0.00 |         0.00 |         0.00 |        88.12 |        60.00 |       150.00
17     |        30.71 |         0.00 |         1.81 |         0.00 |         0.00 |         0.00 |         0.00 |         0.00 |       130.71 |        50.00 |       150.00
18     |        40.00 |         0.00 |         2.83 |         0.00 |         0.00 |         0.00 |         0.00 |         0.00 |       160.00 |        30.00 |       150.00
19     |         0.00 |        30.00 |         1.19 |         0.00 |         0.00 |         0.00 |         0.00 |         0.00 |         0.00 |        30.00 |        60.00
20     |         0.00 |         4.54 |         1.09 |         0.00 |         0.00 |         0.00 |         0.00 |         0.00 |        45.46 |        10.00 |        60.00
21     |         0.00 |         4.23 |         1.00 |         0.00 |         0.00 |         0.00 |         0.00 |         0.00 |       135.77 |        10.00 |       150.00
22     |         0.00 |         0.00 |         0.00 |         1.00 |         0.00 |         0.00 |         0.00 |         0.00 |       150.00 |         0.00 |       150.00
23     |         0.00 |         0.00 |         0.00 |         0.00 |         0.00 |         0.00 |         0.00 |         0.00 |        30.00 |         0.00 |        30.00
24     |         0.00 |         0.00 |         0.00 |         0.00 |         0.00 |         0.00 |         0.00 |         0.00 |         0.00 |         0.00 |         0.00
########################################################################################################################################################################################################

SUMMARY STATISTICS:
Average H2 production efficiency: 0.26157732123484695
Average H2 usage efficiency: 0.33563965020700803
Total E_toH2: 70.71476345455815
Total E_fromH2: 591.1993692095172
Total H_storage: 197.25598230248767
Total H_sell: 60.922728332002336
Total H_buy: 100.0
#########################################################################################
