#########################################################################################
OPTIMIZATION RESULTS:
Timestamp: 2025-01-27T00:48:57.361
Objective value: 2240.504840934689
Solve time: 360.0532760620117 seconds
Relative gap: 0.16914468942579294

EFFICIENCY METRICS:
H2 production efficiencies by period: [0.8027344270486831, 0.95, 0.95, 0.8027343824682638, 0.95, 0.95, 0.95, 0.95, 0.95, 0.95, 0.8027343824682638, 0.95, 0.95, 0.7, 0.802734478171882, 0.802734382468267, 0.8027344270486831, 0.95, 0.95, 0.95, 0.95, 0.95, 0.802734375, 0.8027380952104588]
H2 usage efficiencies by period: [0.6, 0.3, 0.3, 0.6, 0.3, 0.3, 0.58, 0.3, 0.3, 0.45, 0.6, 0.45, 0.5, 0.3, 0.3, 0.6, 0.6, 0.3, 0.3, 0.3, 0.3, 0.3, 0.6, 0.0]

PERIOD-BY-PERIOD VALUES:

########################################################################################################################################################################################################
Period |       E_toH2 |     E_fromH2 |    H_storage |       H_sell |        H_buy |     E_charge |  E_discharge |       E_sell |        E_buy |   Renewables |       DEMAND
--------------------------------------------------------------------------------------------------------------------------------------------------------------------------------------------------------
1      |        58.63 |         0.00 |       115.69 |         0.00 |       100.00 |         0.00 |         0.00 |         0.00 |       148.63 |         0.00 |        90.00
2      |         0.00 |       100.00 |       105.69 |         0.00 |         0.00 |         0.00 |         0.00 |         0.00 |       180.00 |         0.00 |       280.00
3      |         0.00 |       100.00 |        95.69 |         0.00 |         0.00 |         0.00 |         0.00 |         0.00 |       140.00 |         0.00 |       240.00
4      |        58.63 |         0.00 |       111.38 |         0.00 |         0.00 |         0.00 |         0.00 |         0.00 |       188.63 |        20.00 |       150.00
5      |         0.00 |       100.00 |       101.38 |         0.00 |         0.00 |         0.00 |         0.00 |         0.00 |        20.00 |        30.00 |       150.00
6      |         0.00 |       100.00 |        91.38 |         0.00 |         0.00 |         0.00 |         0.00 |         0.00 |        10.00 |        40.00 |       150.00
7      |         0.00 |        20.00 |        87.51 |         0.00 |         0.00 |         0.00 |         0.00 |         0.00 |         0.00 |        40.00 |        60.00
8      |         0.00 |       100.00 |        77.51 |         0.00 |         0.00 |         0.00 |         0.00 |         0.00 |         0.00 |        50.00 |       150.00
9      |         0.00 |       100.00 |        67.51 |         0.00 |         0.00 |         0.00 |         0.00 |        20.00 |         0.00 |        70.00 |       150.00
10     |         0.00 |        70.00 |        50.88 |         6.13 |         0.00 |         0.00 |         0.00 |         0.00 |         0.00 |        80.00 |       150.00
11     |        58.63 |         0.00 |        66.57 |         0.00 |         0.00 |         0.00 |         0.00 |         0.00 |       118.63 |        90.00 |       150.00
12     |         0.00 |        70.00 |        56.07 |         0.00 |         0.00 |         0.00 |         0.00 |         0.00 |         0.00 |        80.00 |       150.00
13     |         0.00 |        50.00 |        47.73 |         0.00 |         0.00 |         0.00 |         0.00 |         0.00 |         0.00 |       100.00 |       150.00
14     |         0.00 |       100.00 |        37.73 |         0.00 |         0.00 |         0.00 |         0.00 |        20.00 |         0.00 |        70.00 |       150.00
15     |        58.63 |         0.00 |        19.62 |        33.80 |         0.00 |         0.00 |         0.00 |         0.00 |       138.63 |        70.00 |       150.00
16     |        58.63 |         0.00 |        35.31 |         0.00 |         0.00 |         0.00 |         0.00 |         0.00 |       148.63 |        60.00 |       150.00
17     |        58.63 |         0.00 |        51.00 |         0.00 |         0.00 |         0.00 |         0.00 |         0.00 |       158.63 |        50.00 |       150.00
18     |         0.00 |       100.00 |        41.00 |         0.00 |         0.00 |         0.00 |         0.00 |         0.00 |        20.00 |        30.00 |       150.00
19     |         0.00 |       100.00 |        31.00 |         0.00 |         0.00 |         0.00 |         0.00 |        20.00 |         0.00 |        30.00 |       110.00
20     |         0.00 |       100.00 |        21.00 |         0.00 |         0.00 |         0.00 |         0.00 |        10.00 |         0.00 |        10.00 |       100.00
21     |         0.00 |       100.00 |        11.00 |         0.00 |         0.00 |         0.00 |         0.00 |        10.00 |         0.00 |        10.00 |       100.00
22     |         0.00 |       100.00 |         1.00 |         0.00 |         0.00 |         0.00 |         0.00 |         0.00 |         0.00 |         0.00 |       100.00
23     |        58.63 |         0.00 |         0.00 |        16.69 |         0.00 |         0.00 |         0.00 |         0.00 |        78.63 |         0.00 |        20.00
24     |        58.63 |         0.00 |         0.00 |        15.69 |         0.00 |         0.00 |         0.00 |         0.00 |        58.63 |         0.00 |         0.00
########################################################################################################################################################################################################

SUMMARY STATISTICS:
Average H2 production efficiency: 0.8904949562451874
Average H2 usage efficiency: 0.395
Total E_toH2: 469.06062121026616
Total E_fromH2: 1410.0
Total H_storage: 1323.6436779719368
Total H_sell: 72.31044160341143
Total H_buy: 100.0000018704567
#########################################################################################
