#########################################################################################
OPTIMIZATION RESULTS:
Timestamp: 2025-01-26T20:48:15.180
Objective value: 1221.9623447319727
Solve time: 360.0240001678467 seconds
Relative gap: 0.1978523800433546

EFFICIENCY METRICS:
H2 production efficiencies by period: [0.8404306201475478, 0.9, 0.95, 0.95, 0.0, 0.0, 0.95, 0.0, 0.95, 0.9, 0.840303928434028, 0.0, 0.95, 0.9, 0.95, 0.95, 0.0, 0.95, 0.9, 0.95, 0.95, 0.95, 0.88, 0.95]
H2 usage efficiencies by period: [0.0, 0.3, 0.3, 0.3, 0.3, 0.3, 0.3, 0.3, 0.3, 0.45, 0.6, 0.3, 0.5, 0.3, 0.3, 0.3, 0.3, 0.3, 0.3, 0.3, 0.3, 0.3, 0.52, 0.0]

PERIOD-BY-PERIOD VALUES:

########################################################################################################################################################################################################
Period |       E_toH2 |     E_fromH2 |    H_storage |       H_sell |        H_buy |     E_charge |  E_discharge |       E_sell |        E_buy |   Renewables |       DEMAND
--------------------------------------------------------------------------------------------------------------------------------------------------------------------------------------------------------
1      |        43.19 |         0.00 |        12.10 |         0.00 |         0.00 |         0.00 |         0.00 |         0.00 |        43.19 |         0.00 |         0.00
2      |         0.00 |       100.00 |         2.10 |         0.00 |         0.00 |         0.00 |         0.00 |         0.00 |        90.00 |         0.00 |       190.00
3      |         0.00 |       100.00 |       992.10 |         0.00 |      1000.00 |         0.00 |         0.00 |         0.00 |       180.00 |         0.00 |       280.00
4      |         0.00 |       100.00 |       982.10 |         0.00 |         0.00 |         0.00 |         0.00 |         0.00 |        70.00 |        20.00 |       190.00
5      |         0.00 |       100.00 |       972.10 |         0.00 |         0.00 |         0.00 |         0.00 |         0.00 |        20.00 |        30.00 |       150.00
6      |         0.00 |       100.00 |       962.10 |         0.00 |         0.00 |         0.00 |         0.00 |         0.00 |        10.00 |        40.00 |       150.00
7      |         0.00 |       100.00 |       952.10 |         0.00 |         0.00 |         0.00 |         0.00 |         0.00 |        10.00 |        40.00 |       150.00
8      |         0.00 |       100.00 |       117.72 |       824.38 |         0.00 |         0.00 |         0.00 |         0.00 |         0.00 |        50.00 |       150.00
9      |         0.00 |       100.00 |       107.72 |         0.00 |         0.00 |         0.00 |         0.00 |        20.00 |         0.00 |        70.00 |       150.00
10     |         0.00 |        70.00 |        97.22 |         0.00 |         0.00 |         0.00 |         0.00 |         0.00 |         0.00 |        80.00 |       150.00
11     |        43.23 |         0.00 |       109.33 |         0.00 |         0.00 |         0.00 |         0.00 |         0.00 |       103.23 |        90.00 |       150.00
12     |         0.00 |       100.00 |        99.33 |         0.00 |         0.00 |         0.00 |         0.00 |        30.00 |         0.00 |        80.00 |       150.00
13     |         0.00 |        50.00 |        91.00 |         0.00 |         0.00 |         0.00 |         0.00 |         0.00 |         0.00 |       100.00 |       150.00
14     |         0.00 |       100.00 |        81.00 |         0.00 |         0.00 |         0.00 |         0.00 |        20.00 |         0.00 |        70.00 |       150.00
15     |         0.00 |       100.00 |        71.00 |         0.00 |         0.00 |         0.00 |         0.00 |        20.00 |         0.00 |        70.00 |       150.00
16     |         0.00 |       100.00 |        61.00 |         0.00 |         0.00 |         0.00 |         0.00 |        10.00 |         0.00 |        60.00 |       150.00
17     |         0.00 |       100.00 |        51.00 |         0.00 |         0.00 |         0.00 |         0.00 |         0.00 |         0.00 |        50.00 |       150.00
18     |         0.00 |       100.00 |        41.00 |         0.00 |         0.00 |         0.00 |         0.00 |         0.00 |        20.00 |        30.00 |       150.00
19     |         0.00 |       100.00 |        31.00 |         0.00 |         0.00 |         0.00 |         0.00 |        20.00 |         0.00 |        30.00 |       110.00
20     |         0.00 |       100.00 |        21.00 |         0.00 |         0.00 |         0.00 |         0.00 |        10.00 |         0.00 |        10.00 |       100.00
21     |         0.00 |       100.00 |        11.00 |         0.00 |         0.00 |         0.00 |         0.00 |        10.00 |         0.00 |        10.00 |       100.00
22     |         0.00 |       100.00 |         1.00 |         0.00 |         0.00 |         0.00 |         0.00 |         0.00 |         0.00 |         0.00 |       100.00
23     |         0.00 |         0.00 |         0.00 |         1.00 |         0.00 |         0.00 |         0.00 |         0.00 |        20.00 |         0.00 |        20.00
24     |         0.00 |         0.00 |         0.00 |         0.00 |         0.00 |         0.00 |         0.00 |         0.00 |         0.00 |         0.00 |         0.00
########################################################################################################################################################################################################

SUMMARY STATISTICS:
Average H2 production efficiency: 0.7316972728575656
Average H2 usage efficiency: 0.31124999999999997
Total E_toH2: 86.42198839942094
Total E_fromH2: 1920.0
Total H_storage: 5866.033971195406
Total H_sell: 825.3754027161482
Total H_buy: 1000.0
#########################################################################################
